seconds,FHR,UC
0,168.5,11.0
1,168.5,12.0
2,168.5,12.0
3,168.5,11.0
4,168.5,11.0
5,169.5,10.0
6,169.5,10.0
7,169.5,9.0
8,169.5,9.0
9,170.5,10.0
10,170.5,10.0
11,169.5,13.0
12,170.5,13.0
13,171.5,14.0
14,171.5,14.0
15,170.5,11.0
16,170.5,11.0
17,170.5,9.0
18,170.5,9.0
19,170.5,11.0
20,171.5,11.0
21,171.5,14.0
22,170.5,14.0
23,171.5,14.0
24,171.5,14.0
25,171.5,12.0
26,170.5,12.0
27,171.5,11.0
28,171.5,11.0
29,171.5,8.0
30,171.5,8.0
31,171.5,6.0
32,170.5,6.0
33,171.5,5.0
34,171.5,5.0
35,171.5,6.0
36,171.5,6.0
37,171.5,8.0
38,171.5,8.0
39,171.5,9.0
40,170.5,9.0
41,171.5,9.0
42,171.5,9.0
43,171.5,11.0
44,171.5,11.0
45,171.5,12.0
46,171.5,12.0
47,170.5,11.0
48,171.5,11.0
49,171.5,11.0
50,171.5,11.0
51,171.5,11.0
52,171.5,11.0
53,171.5,12.0
54,171.5,12.0
55,171.5,14.0
56,171.5,14.0
57,171.5,15.0
58,170.5,15.0
59,170.5,14.0
60,171.5,14.0
61,171.5,12.0
62,171.5,12.0
63,171.5,14.0
64,170.5,14.0
65,170.5,18.0
66,171.5,18.0
67,170.5,20.0
68,169.5,20.0
69,170.5,19.0
70,170.5,19.0
71,170.5,18.0
72,169.5,18.0
73,169.5,18.0
74,170.5,18.0
75,170.5,21.0
76,170.5,21.0
77,170.5,27.0
78,170.5,27.0
79,171.5,30.0
80,171.5,30.0
81,171.5,29.0
82,170.5,29.0
83,170.5,28.0
84,170.5,28.0
85,170.5,29.0
86,170.5,29.0
87,170.5,34.0
88,169.5,34.0
89,169.5,41.0
90,169.5,41.0
91,170.5,44.0
92,169.5,44.0
93,169.5,44.0
94,169.5,44.0
95,169.5,43.0
96,170.5,43.0
97,170.5,43.0
98,169.5,43.0
99,170.5,46.0
100,170.5,46.0
101,170.5,53.0
102,169.5,53.0
103,167.5,60.0
104,167.5,60.0
105,169.5,67.0
106,169.5,67.0
107,169.5,72.0
108,169.5,72.0
109,168.5,69.0
110,165.75,69.0
111,165.75,62.0
112,166.75,62.0
113,168.5,57.0
114,168.5,57.0
115,166.75,54.0
116,166.75,54.0
117,166.75,54.0
118,166.75,54.0
119,166.75,55.0
120,166.75,55.0
121,166.75,60.0
122,166.75,60.0
123,165.75,68.0
124,165.75,68.0
125,165.75,77.0
126,165.75,77.0
127,166.75,84.0
128,166.75,84.0
129,165.75,91.0
130,165.75,91.0
131,166.75,92.0
132,165.75,92.0
133,165.75,85.0
134,164.75,85.0
135,164.75,75.0
136,165.75,75.0
137,165.75,68.0
138,165.75,68.0
139,164.75,64.0
140,164.75,64.0
141,165.75,61.0
142,165.75,61.0
143,165.75,62.0
144,165.75,62.0
145,165.75,69.0
146,165.75,69.0
147,165.75,84.0
148,164.75,84.0
149,165.75,100.0
150,165.75,100.0
151,165.75,100.0
152,166.75,100.0
153,166.75,100.0
154,166.75,100.0
155,166.75,100.0
156,166.75,100.0
157,165.75,89.0
158,163.0,89.0
159,163.0,77.0
160,164.0,77.0
161,163.0,68.0
162,163.0,68.0
163,165.75,63.0
164,164.75,63.0
165,164.75,60.0
166,164.75,60.0
167,164.0,60.0
168,164.0,60.0
169,164.0,65.0
170,163.0,65.0
171,164.0,74.0
172,164.0,74.0
173,163.0,83.0
174,163.0,83.0
175,163.0,88.0
176,164.0,88.0
177,163.0,90.0
178,163.0,90.0
179,164.75,85.0
180,164.0,85.0
181,164.0,76.0
182,164.0,76.0
183,164.0,66.0
184,164.0,66.0
185,164.75,59.0
186,164.75,59.0
187,164.75,54.0
188,164.75,54.0
189,163.0,52.0
190,163.0,52.0
191,163.0,51.0
192,164.75,51.0
193,163.0,53.0
194,163.0,53.0
195,163.0,59.0
196,163.0,59.0
197,163.0,67.0
198,164.0,67.0
199,164.0,73.0
200,164.0,73.0
201,164.0,75.0
202,164.0,75.0
203,164.0,72.0
204,163.0,72.0
205,164.75,63.0
206,164.75,63.0
207,164.75,54.0
208,164.0,54.0
209,164.0,48.0
210,164.0,48.0
211,164.75,44.0
212,164.75,44.0
213,164.75,43.0
214,164.75,43.0
215,165.75,46.0
216,165.75,46.0
217,164.0,52.0
218,164.75,52.0
219,164.75,56.0
220,164.75,56.0
221,164.75,56.0
222,164.75,56.0
223,164.75,52.0
224,164.75,52.0
225,164.75,45.0
226,164.75,45.0
227,164.0,39.0
228,165.75,39.0
229,165.75,36.0
230,164.0,36.0
231,164.75,37.0
232,164.75,37.0
233,165.75,44.0
234,164.0,44.0
235,164.0,52.0
236,164.75,52.0
237,165.75,54.0
238,165.75,54.0
239,164.0,49.0
240,164.75,49.0
241,165.75,42.0
242,165.75,42.0
243,164.75,38.0
244,164.75,38.0
245,164.75,35.0
246,164.75,35.0
247,164.75,35.0
248,164.75,35.0
249,164.75,39.0
250,164.75,39.0
251,164.75,43.0
252,165.75,43.0
253,165.75,45.0
254,165.75,45.0
255,164.75,41.0
256,164.75,41.0
257,165.75,35.0
258,165.75,35.0
259,164.75,31.0
260,165.75,31.0
261,165.75,29.0
262,164.75,29.0
263,164.75,28.0
264,164.75,28.0
265,165.75,28.0
266,164.75,28.0
267,164.75,32.0
268,165.75,32.0
269,164.75,35.0
270,164.75,35.0
271,164.75,35.0
272,164.0,35.0
273,165.75,32.0
274,165.75,32.0
275,164.75,27.0
276,164.75,27.0
277,164.75,21.0
278,164.75,21.0
279,164.75,18.0
280,164.75,18.0
281,164.75,21.0
282,164.75,21.0
283,164.75,25.0
284,165.75,25.0
285,164.0,24.0
286,164.0,24.0
287,164.75,20.0
288,164.0,20.0
289,164.75,18.0
290,164.75,18.0
291,163.0,23.0
292,164.0,23.0
293,164.0,28.0
294,163.0,28.0
295,162.25,28.0
296,162.25,28.0
297,162.25,24.0
298,161.25,24.0
299,158.75,21.0
300,161.25,21.0
301,159.5,23.0
302,159.5,23.0
303,161.25,26.0
304,160.5,26.0
305,160.5,23.0
306,160.5,23.0
307,157.0,13.0
308,157.0,13.0
309,158.0,6.0
310,158.0,6.0
311,158.0,3.0
312,157.0,3.0
313,155.5,2.0
314,155.5,2.0
315,155.5,5.0
316,155.5,5.0
317,155.5,12.0
318,153.75,12.0
319,153.75,17.0
320,152.25,17.0
321,152.25,16.0
322,152.25,16.0
323,153.75,12.0
324,154.75,12.0
325,154.75,8.0
326,155.5,8.0
327,155.5,5.0
328,155.5,5.0
329,154.75,4.0
330,154.75,4.0
331,155.5,7.0
332,156.25,7.0
333,156.25,13.0
334,154.75,13.0
335,156.25,18.0
336,156.25,18.0
337,156.25,21.0
338,153.75,21.0
339,153.75,20.0
340,152.25,20.0
341,153.0,15.0
342,153.0,15.0
343,151.5,14.0
344,151.5,14.0
345,153.0,13.0
346,154.75,13.0
347,154.75,9.0
348,153.75,9.0
349,153.75,0.0
350,153.75,0.0
351,153.0,0.0
352,153.75,0.0
353,153.75,0.0
354,153.75,0.0
355,155.5,2.0
356,155.5,2.0
357,153.0,9.0
358,153.0,9.0
359,153.0,10.0
360,150.75,10.0
361,150.75,8.0
362,148.5,8.0
363,149.25,6.0
364,149.25,6.0
365,149.25,2.0
366,149.25,2.0
367,148.5,0.0
368,150.0,0.0
369,150.0,6.0
370,150.75,6.0
371,153.0,13.0
372,153.0,13.0
373,155.5,14.0
374,155.5,14.0
375,155.5,8.0
376,158.0,8.0
377,158.0,4.0
378,159.5,4.0
379,158.75,6.0
380,158.75,6.0
381,160.5,8.0
382,160.5,8.0
383,160.5,5.0
384,159.5,5.0
385,158.75,7.0
386,158.75,7.0
387,160.5,3.0
388,157.0,3.0
389,157.0,0.0
390,159.5,0.0
391,157.0,0.0
392,157.0,0.0
393,157.0,0.0
394,158.0,0.0
395,156.25,0.0
396,158.0,0.0
397,158.75,0.0
398,158.75,0.0
399,157.0,5.0
400,157.0,5.0
401,157.0,5.0
402,153.75,5.0
403,156.25,5.0
404,156.25,5.0
405,155.5,6.0
406,156.25,6.0
407,156.25,6.0
408,157.0,6.0
409,158.0,9.0
410,158.0,9.0
411,158.0,13.0
412,158.75,13.0
413,158.75,12.0
414,158.75,12.0
415,158.75,6.0
416,158.0,6.0
417,159.5,1.0
418,159.5,1.0
419,159.5,0.0
420,160.5,0.0
421,160.5,0.0
422,160.5,0.0
423,159.5,1.0
424,159.5,1.0
425,161.25,7.0
426,161.25,7.0
427,162.25,13.0
428,162.25,13.0
429,161.25,14.0
430,162.25,14.0
431,162.25,11.0
432,162.25,11.0
433,161.25,5.0
434,161.25,5.0
435,162.25,0.0
436,162.25,0.0
437,162.25,0.0
438,163.0,0.0
439,161.25,0.0
440,161.25,0.0
441,163.0,0.0
442,162.25,0.0
443,162.25,0.0
444,162.25,0.0
445,163.0,6.0
446,163.0,6.0
447,164.0,11.0
448,163.0,11.0
449,163.0,13.0
450,164.0,13.0
451,164.0,15.0
452,164.0,15.0
453,164.0,16.0
454,162.25,16.0
455,162.25,15.0
456,162.25,15.0
457,162.25,9.0
458,164.0,9.0
459,164.0,2.0
460,163.0,2.0
461,163.0,0.0
462,163.0,0.0
463,164.0,0.0
464,164.0,0.0
465,164.0,0.0
466,163.0,0.0
467,164.0,0.0
468,164.0,0.0
469,164.75,0.0
470,164.0,0.0
471,164.0,0.0
472,164.75,0.0
473,163.0,0.0
474,163.0,0.0
475,164.0,0.0
476,164.75,0.0
477,164.75,2.0
478,164.0,2.0
479,164.75,6.0
480,164.75,6.0
481,164.75,9.0
482,164.75,9.0
483,164.75,10.0
484,164.75,10.0
485,164.75,7.0
486,164.75,7.0
487,164.75,0.0
488,163.0,0.0
489,164.0,0.0
490,164.0,0.0
491,163.0,0.0
492,164.0,0.0
493,164.0,0.0
494,163.0,0.0
495,163.0,0.0
496,163.0,0.0
497,162.25,0.0
498,164.0,0.0
499,163.0,0.0
500,163.0,0.0
501,163.0,1.0
502,163.0,1.0
503,163.0,7.0
504,163.0,7.0
505,163.0,10.0
506,163.0,10.0
507,164.0,7.0
508,163.0,7.0
509,163.0,1.0
510,163.0,1.0
511,163.0,0.0
512,163.0,0.0
513,164.0,0.0
514,163.0,0.0
515,163.0,0.0
516,163.0,0.0
517,164.0,0.0
518,164.0,0.0
519,163.0,0.0
520,164.0,0.0
521,164.0,0.0
522,164.0,0.0
523,164.0,5.0
524,163.0,5.0
525,163.0,9.0
526,163.0,9.0
527,164.0,9.0
528,164.0,9.0
529,164.0,3.0
530,163.0,3.0
531,163.0,0.0
532,164.75,0.0
533,164.0,0.0
534,164.0,0.0
535,164.75,0.0
536,164.0,0.0
537,164.0,0.0
538,163.0,0.0
539,163.0,0.0
540,163.0,0.0
541,163.0,2.0
542,164.0,2.0
543,164.0,9.0
544,164.0,9.0
545,164.0,12.0
546,164.0,12.0
547,164.0,10.0
548,164.75,10.0
549,164.75,2.0
550,164.75,2.0
551,164.75,0.0
552,164.0,0.0
553,164.0,0.0
554,164.0,0.0
555,165.75,0.0
556,165.75,0.0
557,164.75,0.0
558,164.75,0.0
559,164.75,0.0
560,164.75,0.0
561,164.75,0.0
562,164.75,0.0
563,164.75,0.0
564,164.75,0.0
565,165.75,0.0
566,165.75,0.0
567,164.75,0.0
568,165.75,0.0
569,165.75,0.0
570,164.75,0.0
571,166.75,0.0
572,166.75,0.0
573,165.75,6.0
574,166.75,6.0
575,166.75,7.0
576,165.75,7.0
577,166.75,3.0
578,165.75,3.0
579,165.75,0.0
580,164.0,0.0
581,164.75,0.0
582,164.75,0.0
583,164.75,0.0
584,165.75,0.0
585,165.75,0.0
586,164.0,0.0
587,164.0,0.0
588,164.0,0.0
589,164.75,0.0
590,164.75,0.0
591,164.75,0.0
592,164.0,0.0
593,164.75,0.0
594,164.0,0.0
595,164.0,0.0
596,164.75,0.0
597,164.75,1.0
598,164.75,1.0
599,164.0,2.0
600,164.0,2.0
601,164.0,0.0
602,164.75,0.0
603,164.75,0.0
604,164.75,0.0
605,164.0,0.0
606,164.0,0.0
607,164.0,0.0
608,164.75,0.0
609,164.0,0.0
610,164.0,0.0
611,163.0,0.0
612,163.0,0.0
613,163.0,0.0
614,163.0,0.0
615,163.0,0.0
616,162.25,0.0
617,162.25,0.0
618,163.0,0.0
619,162.25,3.0
620,162.25,3.0
621,162.25,6.0
622,160.5,6.0
623,161.25,7.0
624,161.25,7.0
625,160.5,3.0
626,160.5,3.0
627,161.25,0.0
628,160.5,0.0
629,160.5,0.0
630,160.5,0.0
631,162.25,0.0
632,162.25,0.0
633,162.25,0.0
634,162.25,0.0
635,162.25,0.0
636,162.25,0.0
637,162.25,0.0
638,163.0,0.0
639,162.25,0.0
640,162.25,0.0
641,162.25,0.0
642,162.25,0.0
643,163.0,0.0
644,163.0,0.0
645,162.25,0.0
646,159.5,0.0
647,159.5,0.0
648,160.5,0.0
649,161.25,0.0
650,161.25,0.0
651,161.25,0.0
652,160.5,0.0
653,160.5,0.0
654,162.25,0.0
655,162.25,1.0
656,163.0,1.0
657,163.0,6.0
658,164.0,6.0
659,163.0,7.0
660,163.0,7.0
661,164.75,4.0
662,164.0,4.0
663,164.0,0.0
664,164.75,0.0
665,164.75,0.0
666,164.75,0.0
667,165.75,0.0
668,164.75,0.0
669,164.75,0.0
670,165.75,0.0
671,165.75,0.0
672,165.75,0.0
673,166.75,0.0
674,164.75,0.0
675,164.75,0.0
676,164.75,0.0
677,164.75,0.0
678,165.75,0.0
679,164.75,0.0
680,164.75,0.0
681,164.75,0.0
682,164.75,0.0
683,164.75,0.0
684,164.75,0.0
685,164.75,0.0
686,164.75,0.0
687,164.75,0.0
688,164.75,0.0
689,164.0,0.0
690,164.75,0.0
691,164.75,0.0
692,164.75,0.0
693,164.75,0.0
694,164.75,0.0
695,164.75,0.0
696,164.75,0.0
697,164.75,0.0
698,165.75,0.0
699,165.75,0.0
700,165.75,0.0
701,165.75,1.0
702,166.75,1.0
703,165.75,0.0
704,166.75,0.0
705,166.75,0.0
706,166.75,0.0
707,165.75,0.0
708,165.75,0.0
709,165.75,0.0
710,165.75,0.0
711,166.75,0.0
712,166.75,0.0
713,166.75,0.0
714,166.75,0.0
715,166.75,2.0
716,167.5,2.0
717,167.5,0.0
718,167.5,0.0
719,167.5,0.0
720,167.5,0.0
721,167.5,0.0
722,167.5,0.0
723,167.5,0.0
724,167.5,0.0
725,168.5,0.0
726,167.5,0.0
727,168.5,1.0
728,168.5,1.0
729,168.5,1.0
730,168.5,1.0
731,168.5,0.0
732,167.5,0.0
733,167.5,0.0
734,167.5,0.0
735,168.5,0.0
736,168.5,0.0
737,167.5,0.0
738,167.5,0.0
739,168.5,1.0
740,168.5,1.0
741,168.5,1.0
742,168.5,1.0
743,168.5,0.0
744,168.5,0.0
745,168.5,0.0
746,168.5,0.0
747,169.5,0.0
748,169.5,0.0
749,168.5,0.0
750,169.5,0.0
751,169.5,0.0
752,168.5,0.0
753,168.5,1.0
754,168.5,1.0
755,167.5,0.0
756,168.5,0.0
757,167.5,0.0
758,167.5,0.0
759,168.5,0.0
760,167.5,0.0
761,167.5,0.0
762,167.5,0.0
763,167.5,0.0
764,167.5,0.0
765,168.5,3.0
766,167.5,3.0
767,168.5,4.0
768,168.5,4.0
769,166.75,0.0
770,168.5,0.0
771,168.5,0.0
772,167.5,0.0
773,168.5,0.0
774,168.5,0.0
775,167.5,0.0
776,166.75,0.0
777,167.5,0.0
778,167.5,0.0
779,166.75,0.0
780,166.75,0.0
781,166.75,4.0
782,166.75,4.0
783,165.75,3.0
784,165.75,3.0
785,167.5,0.0
786,166.75,0.0
787,166.75,0.0
788,166.75,0.0
789,166.75,0.0
790,167.5,0.0
791,167.5,0.0
792,167.5,0.0
793,167.5,0.0
794,167.5,0.0
795,167.5,1.0
796,168.5,1.0
797,168.5,7.0
798,168.5,7.0
799,168.5,8.0
800,168.5,8.0
801,168.5,9.0
802,166.75,9.0
803,168.5,11.0
804,168.5,11.0
805,168.5,12.0
806,167.5,12.0
807,168.5,8.0
808,168.5,8.0
809,167.5,1.0
810,165.75,1.0
811,165.75,0.0
812,168.5,0.0
813,167.5,0.0
814,167.5,0.0
815,168.5,0.0
816,166.75,0.0
817,166.75,0.0
818,167.5,0.0
819,166.75,2.0
820,167.5,2.0
821,167.5,8.0
822,166.75,8.0
823,166.75,9.0
824,166.75,9.0
825,165.75,3.0
826,166.75,3.0
827,166.75,0.0
828,164.75,0.0
829,166.75,0.0
830,165.75,0.0
831,165.75,0.0
832,165.75,0.0
833,164.75,0.0
834,164.75,0.0
835,165.75,5.0
836,165.75,5.0
837,165.75,2.0
838,165.75,2.0
839,167.5,0.0
840,167.5,0.0
841,166.75,0.0
842,166.75,0.0
843,166.75,0.0
844,166.75,0.0
845,166.75,0.0
846,165.75,0.0
847,165.75,1.0
848,165.75,1.0
849,164.75,0.0
850,164.75,0.0
851,164.0,0.0
852,164.75,0.0
853,164.75,0.0
854,165.75,0.0
855,164.75,0.0
856,164.75,0.0
857,165.75,0.0
858,165.75,0.0
859,165.75,1.0
860,165.75,1.0
861,165.75,0.0
862,165.75,0.0
863,166.75,0.0
864,166.75,0.0
865,166.75,0.0
866,166.75,0.0
867,166.75,0.0
868,167.5,0.0
869,167.5,0.0
870,168.5,0.0
871,167.5,0.0
872,167.5,0.0
873,167.5,0.0
874,168.5,0.0
875,166.75,0.0
876,166.75,0.0
877,168.5,0.0
878,165.75,0.0
879,165.75,0.0
880,166.75,0.0
881,167.5,0.0
882,165.75,0.0
883,165.75,0.0
884,166.75,0.0
885,166.75,0.0
886,166.75,0.0
887,166.75,0.0
888,166.75,0.0
889,166.75,0.0
890,166.75,0.0
891,167.5,0.0
892,167.5,0.0
893,167.5,0.0
894,167.5,0.0
895,167.5,0.0
896,167.5,0.0
897,167.5,0.0
898,167.5,0.0
899,168.5,0.0
900,167.5,0.0
901,167.5,0.0
902,167.5,0.0
903,166.75,0.0
904,167.5,0.0
905,167.5,0.0
906,167.5,0.0
907,166.75,0.0
908,166.75,0.0
909,166.75,0.0
910,167.5,0.0
911,166.75,0.0
912,166.75,0.0
913,166.75,0.0
914,166.75,0.0
915,167.5,0.0
916,166.75,0.0
917,168.5,0.0
918,167.5,0.0
919,167.5,0.0
920,167.5,0.0
921,167.5,0.0
922,167.5,0.0
923,168.5,0.0
924,168.5,0.0
925,167.5,0.0
926,167.5,0.0
927,168.5,0.0
928,168.5,0.0
929,168.5,0.0
930,168.5,0.0
931,168.5,0.0
932,168.5,0.0
933,167.5,0.0
934,167.5,0.0
935,167.5,0.0
936,167.5,0.0
937,167.5,0.0
938,167.5,0.0
939,167.5,0.0
940,167.5,0.0
941,166.75,0.0
942,166.75,0.0
943,166.75,0.0
944,166.75,0.0
945,166.75,0.0
946,166.75,0.0
947,166.75,0.0
948,165.75,0.0
949,165.75,0.0
950,165.75,0.0
951,164.0,0.0
952,164.0,0.0
953,164.75,0.0
954,164.75,0.0
955,164.75,0.0
956,164.75,0.0
957,164.0,1.0
958,164.0,1.0
959,162.25,1.0
960,162.25,1.0
961,162.25,0.0
962,160.5,0.0
963,158.75,0.0
964,158.75,0.0
965,157.0,0.0
966,156.25,0.0
967,156.25,0.0
968,157.0,0.0
969,158.75,0.0
970,158.75,0.0
971,158.0,0.0
972,159.5,0.0
973,159.5,1.0
974,160.5,1.0
975,159.5,0.0
976,159.5,0.0
977,160.5,0.0
978,161.25,0.0
979,161.25,0.0
980,160.5,0.0
981,159.5,0.0
982,159.5,0.0
983,159.5,0.0
984,160.5,0.0
985,160.5,1.0
986,158.75,1.0
987,158.0,0.0
988,158.0,0.0
989,159.5,0.0
990,160.5,0.0
991,160.5,0.0
992,160.5,0.0
993,162.25,0.0
994,162.25,0.0
995,161.25,0.0
996,163.0,0.0
997,163.0,2.0
998,163.0,2.0
999,162.25,0.0
1000,162.25,0.0
1001,161.25,0.0
1002,159.5,0.0
1003,159.5,0.0
1004,157.0,0.0
1005,158.0,0.0
1006,158.0,0.0
1007,158.0,1.0
1008,156.25,1.0
1009,156.25,4.0
1010,157.0,4.0
1011,158.75,0.0
1012,158.75,0.0
1013,159.5,0.0
1014,160.5,0.0
1015,160.5,0.0
1016,160.5,0.0
1017,160.5,0.0
1018,160.5,0.0
1019,161.25,0.0
1020,162.25,0.0
1021,162.25,6.0
1022,162.25,6.0
1023,161.25,10.0
1024,161.25,10.0
1025,160.5,7.0
1026,160.5,7.0
1027,160.5,0.0
1028,160.5,0.0
1029,162.25,0.0
1030,162.25,0.0
1031,162.25,0.0
1032,159.5,0.0
1033,159.5,0.0
1034,160.5,0.0
1035,162.25,0.0
1036,162.25,0.0
1037,161.25,0.0
1038,161.25,0.0
1039,161.25,5.0
1040,163.0,5.0
1041,163.0,6.0
1042,163.0,6.0
1043,163.0,5.0
1044,164.0,5.0
1045,162.25,1.0
1046,162.25,1.0
1047,163.0,0.0
1048,164.0,0.0
1049,164.0,0.0
1050,164.0,0.0
1051,163.0,0.0
1052,163.0,0.0
1053,164.75,0.0
1054,163.0,0.0
1055,163.0,4.0
1056,164.0,4.0
1057,164.75,8.0
1058,164.75,8.0
1059,165.75,8.0
1060,164.0,8.0
1061,164.0,6.0
1062,164.75,6.0
1063,164.75,2.0
1064,164.75,2.0
1065,164.75,0.0
1066,165.75,0.0
1067,164.0,0.0
1068,164.0,0.0
1069,165.75,0.0
1070,164.0,0.0
1071,164.0,0.0
1072,164.75,0.0
1073,165.75,0.0
1074,165.75,0.0
1075,165.75,3.0
1076,165.75,3.0
1077,165.75,1.0
1078,165.75,1.0
1079,164.75,0.0
1080,167.5,0.0
1081,167.5,0.0
1082,165.75,0.0
1083,165.75,0.0
1084,165.75,0.0
1085,166.75,0.0
1086,165.75,0.0
1087,165.75,3.0
1088,166.75,3.0
1089,166.75,1.0
1090,166.75,1.0
1091,166.75,0.0
1092,165.75,0.0
1093,166.75,0.0
1094,166.75,0.0
1095,166.75,0.0
1096,165.75,0.0
1097,165.75,0.0
1098,165.75,0.0
1099,164.75,1.0
1100,164.75,1.0
1101,166.75,0.0
1102,165.75,0.0
1103,165.75,0.0
1104,166.75,0.0
1105,166.75,0.0
1106,166.75,0.0
1107,166.75,0.0
1108,166.75,0.0
1109,166.75,1.0
1110,166.75,1.0
1111,167.5,1.0
1112,167.5,1.0
1113,167.5,0.0
1114,167.5,0.0
1115,167.5,0.0
1116,167.5,0.0
1117,167.5,0.0
1118,167.5,0.0
1119,168.5,0.0
1120,168.5,0.0
1121,168.5,1.0
1122,167.5,1.0
1123,167.5,0.0
1124,167.5,0.0
1125,167.5,0.0
1126,167.5,0.0
1127,167.5,0.0
1128,167.5,0.0
1129,167.5,0.0
1130,167.5,0.0
1131,167.5,1.0
1132,167.5,1.0
1133,167.5,5.0
1134,168.5,5.0
1135,167.5,1.0
1136,168.5,1.0
1137,168.5,0.0
1138,168.5,0.0
1139,168.5,0.0
1140,168.5,0.0
1141,168.5,0.0
1142,167.5,0.0
1143,167.5,0.0
1144,168.5,0.0
1145,167.5,2.0
1146,168.5,2.0
1147,168.5,2.0
1148,166.75,2.0
1149,167.5,0.0
1150,167.5,0.0
1151,166.75,0.0
1152,167.5,0.0
1153,167.5,0.0
1154,166.75,0.0
1155,167.5,0.0
1156,167.5,0.0
1157,167.5,3.0
1158,167.5,3.0
1159,167.5,2.0
1160,167.5,2.0
1161,168.5,0.0
1162,167.5,0.0
1163,167.5,0.0
1164,168.5,0.0
1165,169.5,0.0
1166,169.5,0.0
1167,168.5,1.0
1168,168.5,1.0
1169,168.5,6.0
1170,168.5,6.0
1171,169.5,3.0
1172,168.5,3.0
1173,168.5,0.0
1174,169.5,0.0
1175,169.5,0.0
1176,169.5,0.0
1177,169.5,0.0
1178,169.5,0.0
1179,170.5,7.0
1180,170.5,7.0
1181,169.5,8.0
1182,168.5,8.0
1183,168.5,2.0
1184,167.5,2.0
1185,169.5,0.0
1186,169.5,0.0
1187,169.5,0.0
1188,168.5,0.0
1189,166.75,8.0
1190,166.75,8.0
1191,166.75,16.0
1192,168.5,16.0
1193,168.5,20.0
1194,166.75,20.0
1195,167.5,22.0
1196,165.75,22.0
1197,165.75,19.0
1198,165.75,19.0
1199,165.75,12.0
1200,165.75,12.0
1201,165.75,5.0
1202,164.75,5.0
1203,166.75,1.0
1204,164.75,1.0
1205,164.75,0.0
1206,164.75,0.0
1207,164.75,0.0
1208,164.75,0.0
1209,164.75,2.0
1210,164.75,2.0
1211,164.0,3.0
1212,164.0,3.0
1213,164.0,7.0
1214,164.0,7.0
1215,164.75,13.0
1216,164.75,13.0
1217,164.75,18.0
1218,163.0,18.0
1219,164.0,21.0
1220,164.75,21.0
1221,165.75,21.0
1222,165.75,21.0
1223,163.0,17.0
1224,164.0,17.0
1225,164.0,10.0
1226,163.0,10.0
1227,164.0,4.0
1228,164.0,4.0
1229,164.0,1.0
1230,163.0,1.0
1231,164.0,1.0
1232,164.0,1.0
1233,162.25,1.0
1234,164.0,1.0
1235,164.0,3.0
1236,164.75,3.0
1237,164.75,9.0
1238,164.0,9.0
1239,161.25,15.0
1240,160.5,15.0
1241,160.5,20.0
1242,163.0,20.0
1243,162.25,22.0
1244,162.25,22.0
1245,161.25,19.0
1246,161.25,19.0
1247,161.25,11.0
1248,161.25,11.0
1249,161.25,4.0
1250,161.25,4.0
1251,162.25,0.0
1252,161.25,0.0
1253,161.25,0.0
1254,163.0,0.0
1255,162.25,0.0
1256,162.25,0.0
1257,163.0,0.0
1258,162.25,0.0
1259,162.25,4.0
1260,163.0,4.0
1261,163.0,11.0
1262,162.25,11.0
1263,162.25,16.0
1264,162.25,16.0
1265,163.0,19.0
1266,163.0,19.0
1267,163.0,17.0
1268,163.0,17.0
1269,163.0,10.0
1270,163.0,10.0
1271,160.5,2.0
1272,160.5,2.0
1273,162.25,0.0
1274,163.0,0.0
1275,163.0,0.0
1276,161.25,0.0
1277,163.0,0.0
1278,163.0,0.0
1279,162.25,0.0
1280,163.0,0.0
1281,163.0,0.0
1282,163.0,0.0
1283,163.0,5.0
1284,163.0,5.0
1285,164.0,8.0
1286,163.0,8.0
1287,163.0,7.0
1288,163.0,7.0
1289,164.0,1.0
1290,164.0,1.0
1291,163.0,0.0
1292,164.0,0.0
1293,164.0,0.0
1294,164.0,0.0
1295,159.5,0.0
1296,160.5,0.0
1297,160.5,0.0
1298,162.25,0.0
1299,162.25,0.0
1300,162.25,0.0
1301,160.5,1.0
1302,162.25,1.0
1303,162.25,4.0
1304,161.25,4.0
1305,163.0,2.0
1306,163.0,2.0
1307,162.25,0.0
1308,163.0,0.0
1309,163.0,0.0
1310,161.25,0.0
1311,163.0,0.0
1312,163.0,0.0
1313,163.0,0.0
1314,163.0,0.0
1315,163.0,0.0
1316,164.0,0.0
1317,164.0,0.0
1318,164.0,0.0
1319,164.0,0.0
1320,164.0,0.0
1321,164.0,2.0
1322,164.75,2.0
1323,164.75,1.0
1324,164.75,1.0
1325,164.75,0.0
1326,164.75,0.0
1327,164.75,0.0
1328,164.75,0.0
1329,164.75,0.0
1330,165.75,0.0
1331,165.75,0.0
1332,164.75,0.0
1333,165.75,0.0
1334,165.75,0.0
1335,164.75,0.0
1336,165.75,0.0
1337,164.75,2.0
1338,164.75,2.0
1339,164.75,5.0
1340,164.75,5.0
1341,164.75,6.0
1342,165.75,6.0
1343,164.75,7.0
1344,164.75,7.0
1345,165.75,4.0
1346,165.75,4.0
1347,165.75,0.0
1348,165.75,0.0
1349,165.75,0.0
1350,165.75,0.0
1351,165.75,0.0
1352,164.0,0.0
1353,164.75,0.0
1354,164.75,0.0
1355,164.75,0.0
1356,164.75,0.0
1357,164.75,0.0
1358,164.75,0.0
1359,164.75,0.0
1360,164.75,0.0
1361,162.25,0.0
1362,164.0,0.0
1363,164.0,0.0
1364,164.0,0.0
1365,164.0,0.0
1366,164.0,0.0
1367,163.0,0.0
1368,163.0,0.0
1369,163.0,0.0
1370,162.25,0.0
1371,160.5,0.0
1372,160.5,0.0
1373,159.5,7.0
1374,160.5,7.0
1375,160.5,9.0
1376,159.5,9.0
1377,158.0,11.0
1378,158.0,11.0
1379,158.0,7.0
1380,157.0,7.0
1381,157.0,0.0
1382,156.25,0.0
1383,155.5,0.0
1384,155.5,0.0
1385,155.5,0.0
1386,153.0,0.0
1387,154.75,4.0
1388,152.25,4.0
1389,152.25,3.0
1390,153.0,3.0
1391,153.0,0.0
1392,153.0,0.0
1393,153.0,0.0
1394,151.5,0.0
1395,150.75,0.0
1396,149.25,0.0
1397,150.0,0.0
1398,150.0,0.0
1399,147.75,0.0
1400,147.75,0.0
1401,147.75,0.0
1402,150.0,0.0
1403,150.0,0.0
1404,151.5,0.0
1405,152.25,0.0
1406,152.25,0.0
1407,154.75,0.0
1408,154.75,0.0
1409,153.75,0.0
1410,155.5,0.0
1411,155.5,0.0
1412,153.75,0.0
1413,153.75,2.0
1414,153.75,2.0
1415,150.0,6.0
1416,150.75,6.0
1417,150.75,4.0
1418,149.25,4.0
1419,149.25,4.0
1420,150.0,4.0
1421,150.0,10.0
1422,150.0,10.0
1423,153.75,11.0
1424,153.75,11.0
1425,153.75,0.0
1426,154.75,0.0
1427,156.25,0.0
1428,156.25,0.0
1429,157.0,0.0
1430,158.0,0.0
1431,158.0,0.0
1432,158.0,0.0
1433,158.0,0.0
1434,153.75,0.0
1435,151.5,5.0
1436,151.5,5.0
1437,150.75,6.0
1438,149.25,6.0
1439,149.25,3.0
1440,147.0,3.0
1441,147.0,0.0
1442,149.25,0.0
1443,147.75,0.0
1444,147.75,0.0
1445,150.0,0.0
1446,152.25,0.0
1447,152.25,0.0
1448,153.75,0.0
1449,155.5,0.0
1450,155.5,0.0
1451,157.0,2.0
1452,157.0,2.0
1453,157.0,6.0
1454,157.0,6.0
1455,158.75,8.0
1456,159.5,8.0
1457,159.5,6.0
1458,159.5,6.0
1459,159.5,1.0
1460,160.5,1.0
1461,160.5,0.0
1462,160.5,0.0
1463,160.5,0.0
1464,160.5,0.0
1465,158.75,0.0
1466,159.5,0.0
1467,159.5,0.0
1468,161.25,0.0
1469,161.25,0.0
1470,160.5,0.0
1471,161.25,2.0
1472,160.5,2.0
1473,160.5,7.0
1474,161.25,7.0
1475,159.5,9.0
1476,159.5,9.0
1477,160.5,6.0
1478,161.25,6.0
1479,161.25,1.0
1480,160.5,1.0
1481,161.25,0.0
1482,161.25,0.0
1483,161.25,0.0
1484,161.25,0.0
1485,161.25,0.0
1486,161.25,0.0
1487,160.5,0.0
1488,161.25,0.0
1489,161.25,0.0
1490,162.25,0.0
1491,161.25,9.0
1492,161.25,9.0
1493,161.25,13.0
1494,160.5,13.0
1495,160.5,14.0
1496,160.5,14.0
1497,162.25,14.0
1498,162.25,14.0
1499,160.5,11.0
1500,162.25,11.0
1501,162.25,5.0
1502,160.5,5.0
1503,161.25,0.0
1504,161.25,0.0
1505,162.25,0.0
1506,162.25,0.0
1507,162.25,0.0
1508,162.25,0.0
1509,163.0,0.0
1510,163.0,0.0
1511,162.25,0.0
1512,164.0,0.0
1513,164.0,0.0
1514,161.25,0.0
1515,163.0,0.0
1516,163.0,0.0
1517,162.25,5.0
1518,163.0,5.0
1519,163.0,9.0
1520,161.25,9.0
1521,163.0,10.0
1522,163.0,10.0
1523,164.0,7.0
1524,163.0,7.0
1525,164.75,1.0
1526,164.75,1.0
1527,164.0,0.0
1528,164.0,0.0
1529,164.0,0.0
1530,164.0,0.0
1531,164.75,0.0
1532,164.75,0.0
1533,164.75,0.0
1534,165.75,0.0
1535,165.75,0.0
1536,164.75,0.0
1537,164.75,0.0
1538,164.75,0.0
1539,166.75,3.0
1540,165.75,3.0
1541,165.75,3.0
1542,165.75,3.0
1543,165.75,0.0
1544,164.75,0.0
1545,164.75,0.0
1546,165.75,0.0
1547,165.75,0.0
1548,165.75,0.0
1549,165.75,0.0
1550,164.75,0.0
1551,164.75,0.0
1552,164.75,0.0
1553,165.75,0.0
1554,165.75,0.0
1555,165.75,0.0
1556,165.75,0.0
1557,165.75,0.0
1558,165.75,0.0
1559,165.75,2.0
1560,165.75,2.0
1561,165.75,1.0
1562,165.75,1.0
1563,165.75,2.0
1564,165.75,2.0
1565,164.75,5.0
1566,165.75,5.0
1567,165.75,7.0
1568,165.75,7.0
1569,165.75,4.0
1570,165.75,4.0
1571,165.75,0.0
1572,164.0,0.0
1573,164.75,0.0
1574,164.75,0.0
1575,165.75,0.0
1576,164.75,0.0
1577,164.75,0.0
1578,163.0,0.0
1579,164.0,0.0
1580,164.0,0.0
1581,164.75,0.0
1582,164.0,0.0
1583,164.0,0.0
1584,164.0,0.0
1585,164.75,1.0
1586,164.75,1.0
1587,164.75,3.0
1588,164.75,3.0
1589,165.75,0.0
1590,165.75,0.0
1591,164.75,0.0
1592,165.75,0.0
1593,165.75,0.0
1594,165.75,0.0
1595,165.75,0.0
1596,165.75,0.0
1597,165.75,0.0
1598,165.75,0.0
1599,165.75,4.0
1600,165.75,4.0
1601,165.75,2.0
1602,164.0,2.0
1603,164.0,0.0
1604,165.75,0.0
1605,164.75,0.0
1606,164.75,0.0
1607,164.75,0.0
1608,164.75,0.0
1609,164.75,0.0
1610,164.75,0.0
1611,164.75,1.0
1612,164.75,1.0
1613,165.75,5.0
1614,164.75,5.0
1615,164.75,2.0
1616,166.75,2.0
1617,165.75,0.0
1618,165.75,0.0
1619,165.75,0.0
1620,165.75,0.0
1621,165.75,0.0
1622,165.75,0.0
1623,164.75,0.0
1624,165.75,0.0
1625,165.75,0.0
1626,165.75,0.0
1627,164.75,2.0
1628,164.75,2.0
1629,164.75,0.0
1630,164.75,0.0
1631,164.75,0.0
1632,164.75,0.0
1633,165.75,0.0
1634,164.75,0.0
1635,164.75,0.0
1636,165.75,0.0
1637,165.75,0.0
1638,165.75,0.0
1639,164.75,0.0
1640,164.75,0.0
1641,164.75,1.0
1642,164.0,1.0
1643,164.75,0.0
1644,164.75,0.0
1645,162.25,0.0
1646,164.0,0.0
1647,164.0,0.0
1648,164.75,0.0
1649,164.0,0.0
1650,164.0,0.0
1651,164.0,0.0
1652,164.75,0.0
1653,164.0,0.0
1654,164.0,0.0
1655,164.0,0.0
1656,164.0,0.0
1657,164.0,0.0
1658,164.75,0.0
1659,164.0,0.0
1660,164.0,0.0
1661,164.0,0.0
1662,164.0,0.0
1663,164.0,0.0
1664,164.75,0.0
1665,164.0,0.0
1666,164.0,0.0
1667,164.75,0.0
1668,164.75,0.0
1669,165.75,0.0
1670,165.75,0.0
1671,164.75,0.0
1672,165.75,0.0
1673,165.75,0.0
1674,165.75,0.0
1675,165.75,0.0
1676,165.75,0.0
1677,166.75,0.0
1678,165.75,0.0
1679,165.75,0.0
1680,166.75,0.0
1681,167.5,0.0
1682,166.75,0.0
1683,166.75,0.0
1684,167.5,0.0
1685,166.75,0.0
1686,166.75,0.0
1687,167.5,0.0
1688,167.5,0.0
1689,167.5,0.0
1690,167.5,0.0
1691,168.5,0.0
1692,166.75,0.0
1693,166.75,0.0
1694,166.75,0.0
1695,166.75,3.0
1696,166.75,3.0
1697,166.75,5.0
1698,167.5,5.0
1699,167.5,3.0
1700,166.75,3.0
1701,165.75,0.0
1702,165.75,0.0
1703,166.75,0.0
1704,163.0,0.0
1705,164.75,0.0
1706,164.75,0.0
1707,164.75,0.0
1708,164.0,0.0
1709,164.0,0.0
1710,164.0,0.0
1711,162.25,0.0
1712,162.25,0.0
1713,164.0,0.0
1714,162.25,0.0
1715,162.25,0.0
1716,162.25,0.0
1717,163.0,3.0
1718,163.0,3.0
1719,162.25,9.0
1720,163.0,9.0
1721,163.0,13.0
1722,160.5,13.0
1723,161.25,14.0
1724,161.25,14.0
1725,161.25,10.0
1726,160.5,10.0
1727,160.5,3.0
1728,160.5,3.0
1729,160.5,0.0
1730,160.5,0.0
1731,160.5,0.0
1732,159.5,0.0
1733,159.5,0.0
1734,160.5,0.0
1735,159.5,0.0
1736,159.5,0.0
1737,160.5,0.0
1738,158.0,0.0
1739,158.0,0.0
1740,160.5,0.0
1741,159.5,1.0
1742,159.5,1.0
1743,158.75,0.0
1744,160.5,0.0
1745,160.5,0.0
1746,158.75,0.0
1747,159.5,0.0
1748,159.5,0.0
1749,160.5,0.0
1750,160.5,0.0
1751,160.5,2.0
1752,160.5,2.0
1753,160.5,7.0
1754,160.5,7.0
1755,160.5,7.0
1756,161.25,7.0
1757,161.25,3.0
1758,160.5,3.0
1759,161.25,0.0
1760,161.25,0.0
1761,161.25,0.0
1762,162.25,0.0
1763,162.25,0.0
1764,161.25,0.0
1765,161.25,0.0
1766,161.25,0.0
1767,162.25,0.0
1768,163.0,0.0
1769,163.0,0.0
1770,160.5,0.0
1771,160.5,0.0
1772,160.5,0.0
1773,162.25,0.0
1774,162.25,0.0
1775,163.0,3.0
1776,163.0,3.0
1777,163.0,4.0
1778,164.0,4.0
1779,164.0,2.0
1780,164.75,2.0
1781,164.75,0.0
1782,164.75,0.0
1783,164.75,0.0
1784,164.75,0.0
1785,164.75,0.0
1786,164.75,0.0
1787,164.0,0.0
1788,164.0,0.0
1789,162.25,0.0
1790,164.0,0.0
1791,164.0,2.0
1792,164.0,2.0
1793,164.75,5.0
1794,163.0,5.0
1795,163.0,6.0
1796,165.75,6.0
1797,164.75,10.0
1798,164.75,10.0
1799,164.75,18.0
1800,165.75,18.0
1801,165.75,23.0
1802,164.75,23.0
1803,167.5,23.0
1804,167.5,23.0
1805,165.75,22.0
1806,166.75,22.0
1807,166.75,20.0
1808,166.75,20.0
1809,164.75,22.0
1810,166.75,22.0
1811,166.75,26.0
1812,166.75,26.0
1813,166.75,26.0
1814,165.75,26.0
1815,162.25,23.0
1816,162.25,23.0
1817,162.25,18.0
1818,164.0,18.0
1819,164.75,15.0
1820,164.75,15.0
1821,164.75,13.0
1822,165.75,13.0
1823,165.75,13.0
1824,165.75,13.0
1825,167.5,14.0
1826,166.75,14.0
1827,166.75,17.0
1828,167.5,17.0
1829,167.5,19.0
1830,167.5,19.0
1831,0.0,20.0
1832,0.0,20.0
1833,0.0,20.0
1834,0.0,20.0
1835,0.0,18.0
1836,0.0,18.0
1837,0.0,16.0
1838,0.0,16.0
1839,0.0,16.0
1840,0.0,16.0
1841,0.0,17.0
1842,0.0,17.0
1843,0.0,18.0
1844,0.0,18.0
1845,0.0,16.0
1846,171.5,16.0
1847,171.5,13.0
1848,170.5,13.0
1849,170.5,10.0
1850,170.5,10.0
1851,172.5,8.0
1852,172.5,8.0
1853,171.5,6.0
1854,171.5,6.0
1855,172.5,4.0
1856,172.5,4.0
1857,173.5,3.0
1858,173.5,3.0
1859,172.5,7.0
1860,173.5,7.0
1861,173.5,13.0
1862,174.5,13.0
1863,173.5,17.0
1864,170.5,17.0
1865,170.5,18.0
1866,173.5,18.0
1867,171.5,23.0
1868,171.5,23.0
1869,173.5,27.0
1870,172.5,27.0
1871,170.5,26.0
1872,170.5,26.0
1873,170.5,24.0
1874,170.5,24.0
1875,170.5,25.0
1876,169.5,25.0
1877,169.5,27.0
1878,168.5,27.0
1879,168.5,26.0
1880,168.5,26.0
1881,168.5,17.0
1882,168.5,17.0
1883,167.5,7.0
1884,168.5,7.0
1885,168.5,3.0
1886,166.75,3.0
1887,167.5,12.0
1888,167.5,12.0
1889,167.5,23.0
1890,167.5,23.0
1891,166.75,26.0
1892,166.75,26.0
1893,166.75,28.0
1894,167.5,28.0
1895,167.5,27.0
1896,166.75,27.0
1897,164.75,23.0
1898,164.75,23.0
1899,166.75,22.0
1900,166.75,22.0
1901,166.75,27.0
1902,166.75,27.0
1903,166.75,34.0
1904,165.75,34.0
1905,165.75,38.0
1906,165.75,38.0
1907,166.75,44.0
1908,166.75,44.0
1909,166.75,48.0
1910,166.75,48.0
1911,166.75,45.0
1912,165.75,45.0
1913,166.75,44.0
1914,166.75,44.0
1915,166.75,47.0
1916,166.75,47.0
1917,166.75,51.0
1918,166.75,51.0
1919,167.5,64.0
1920,166.75,64.0
1921,166.75,77.0
1922,167.5,77.0
1923,166.75,80.0
1924,166.75,80.0
1925,166.75,75.0
1926,166.75,75.0
1927,166.75,69.0
1928,166.75,69.0
1929,166.75,65.0
1930,166.75,65.0
1931,166.75,72.0
1932,166.75,72.0
1933,166.75,86.0
1934,166.75,86.0
1935,167.5,91.0
1936,167.5,91.0
1937,167.5,83.0
1938,167.5,83.0
1939,167.5,74.0
1940,167.5,74.0
1941,167.5,68.0
1942,167.5,68.0
1943,166.75,68.0
1944,166.75,68.0
1945,165.75,67.0
1946,164.75,67.0
1947,164.75,46.0
1948,163.0,46.0
1949,164.0,15.0
1950,163.0,15.0
1951,163.0,5.0
1952,163.0,5.0
1953,161.25,19.0
1954,161.25,19.0
1955,164.75,39.0
1956,164.0,39.0
1957,164.0,44.0
1958,164.0,44.0
1959,163.0,32.0
1960,163.0,32.0
1961,164.75,26.0
1962,164.75,26.0
1963,164.75,33.0
1964,163.0,33.0
1965,163.0,40.0
1966,163.0,40.0
1967,164.0,39.0
1968,164.0,39.0
1969,164.0,35.0
1970,163.0,35.0
1971,163.0,33.0
1972,163.0,33.0
1973,163.0,31.0
1974,160.5,31.0
1975,160.5,34.0
1976,160.5,34.0
1977,162.25,42.0
1978,163.0,42.0
1979,163.0,43.0
1980,159.5,43.0
1981,160.5,37.0
1982,160.5,37.0
1983,160.5,31.0
1984,161.25,31.0
1985,161.25,29.0
1986,162.25,29.0
1987,160.5,33.0
1988,160.5,33.0
1989,161.25,41.0
1990,159.5,41.0
1991,159.5,45.0
1992,160.5,45.0
1993,160.5,40.0
1994,160.5,40.0
1995,158.75,33.0
1996,160.5,33.0
1997,160.5,30.0
1998,161.25,30.0
1999,161.25,34.0
2000,161.25,34.0
2001,162.25,43.0
2002,161.25,43.0
2003,161.25,44.0
2004,159.5,44.0
2005,160.5,38.0
2006,160.5,38.0
2007,160.5,32.0
2008,162.25,32.0
2009,162.25,34.0
2010,160.5,34.0
2011,162.25,42.0
2012,162.25,42.0
2013,161.25,43.0
2014,161.25,43.0
2015,161.25,34.0
2016,161.25,34.0
2017,161.25,26.0
2018,161.25,26.0
2019,161.25,25.0
2020,163.0,25.0
2021,163.0,30.0
2022,162.25,30.0
2023,162.25,34.0
2024,162.25,34.0
2025,164.0,31.0
2026,163.0,31.0
2027,163.0,25.0
2028,163.0,25.0
2029,164.0,25.0
2030,164.0,25.0
2031,164.0,29.0
2032,164.0,29.0
2033,162.25,33.0
2034,162.25,33.0
2035,164.75,29.0
2036,161.25,29.0
2037,161.25,24.0
2038,163.0,24.0
2039,163.0,23.0
2040,163.0,23.0
2041,163.0,28.0
2042,163.0,28.0
2043,163.0,30.0
2044,164.0,30.0
2045,163.0,25.0
2046,163.0,25.0
2047,164.0,21.0
2048,164.0,21.0
2049,164.0,24.0
2050,164.75,24.0
2051,164.75,29.0
2052,164.0,29.0
2053,164.0,26.0
2054,163.0,26.0
2055,164.0,19.0
2056,164.0,19.0
2057,164.0,18.0
2058,164.0,18.0
2059,164.0,23.0
2060,164.0,23.0
2061,163.0,25.0
2062,163.0,25.0
2063,164.0,20.0
2064,164.0,20.0
2065,164.0,15.0
2066,164.0,15.0
2067,163.0,18.0
2068,163.0,18.0
2069,164.0,24.0
2070,164.0,24.0
2071,164.0,22.0
2072,163.0,22.0
2073,163.0,16.0
2074,164.0,16.0
2075,164.0,15.0
2076,164.0,15.0
2077,163.0,19.0
2078,163.0,19.0
2079,163.0,26.0
2080,164.0,26.0
2081,164.0,25.0
2082,164.0,25.0
2083,164.0,18.0
2084,164.0,18.0
2085,161.25,13.0
2086,163.0,13.0
2087,163.0,15.0
2088,163.0,15.0
2089,163.0,21.0
2090,163.0,21.0
2091,163.0,23.0
2092,162.25,23.0
2093,162.25,21.0
2094,159.5,21.0
2095,161.25,21.0
2096,161.25,21.0
2097,161.25,26.0
2098,160.5,26.0
2099,160.5,29.0
2100,159.5,29.0
2101,159.5,28.0
2102,159.5,28.0
2103,158.0,26.0
2104,159.5,26.0
2105,159.5,24.0
2106,159.5,24.0
2107,159.5,23.0
2108,159.5,23.0
2109,159.5,24.0
2110,159.5,24.0
2111,159.5,30.0
2112,160.5,30.0
2113,159.5,36.0
2114,159.5,36.0
2115,160.5,34.0
2116,159.5,34.0
2117,159.5,27.0
2118,159.5,27.0
2119,158.75,21.0
2120,158.75,21.0
2121,158.75,18.0
2122,159.5,18.0
2123,159.5,19.0
2124,157.0,19.0
2125,158.75,23.0
2126,158.75,23.0
2127,158.75,28.0
2128,157.0,28.0
2129,157.0,26.0
2130,158.0,26.0
2131,155.5,20.0
2132,155.5,20.0
2133,157.0,17.0
2134,157.0,17.0
2135,157.0,17.0
2136,156.25,17.0
2137,157.0,21.0
2138,157.0,21.0
2139,155.5,27.0
2140,155.5,27.0
2141,155.5,27.0
2142,158.0,27.0
2143,158.0,22.0
2144,158.0,22.0
2145,158.0,18.0
2146,158.0,18.0
2147,158.75,18.0
2148,158.75,18.0
2149,158.75,22.0
2150,158.75,22.0
2151,158.0,27.0
2152,158.0,27.0
2153,158.0,30.0
2154,158.0,30.0
2155,158.0,29.0
2156,156.25,29.0
2157,157.0,23.0
2158,157.0,23.0
2159,157.0,19.0
2160,157.0,19.0
2161,157.0,18.0
2162,153.75,18.0
2163,156.25,19.0
2164,156.25,19.0
2165,157.0,23.0
2166,156.25,23.0
2167,156.25,28.0
2168,156.25,28.0
2169,156.25,30.0
2170,156.25,30.0
2171,158.0,28.0
2172,158.0,28.0
2173,158.0,24.0
2174,157.0,24.0
2175,157.0,21.0
2176,158.75,21.0
2177,159.5,20.0
2178,159.5,20.0
2179,158.75,21.0
2180,158.75,21.0
2181,158.75,24.0
2182,160.5,24.0
2183,159.5,29.0
2184,159.5,29.0
2185,158.75,33.0
2186,160.5,33.0
2187,160.5,33.0
2188,160.5,33.0
2189,159.5,29.0
2190,159.5,29.0
2191,160.5,25.0
2192,160.5,25.0
2193,160.5,24.0
2194,161.25,24.0
2195,161.25,24.0
2196,161.25,24.0
2197,161.25,26.0
2198,161.25,26.0
2199,161.25,31.0
2200,163.0,31.0
2201,162.25,37.0
2202,162.25,37.0
2203,163.0,42.0
2204,163.0,42.0
2205,163.0,46.0
2206,163.0,46.0
2207,163.0,49.0
2208,164.0,49.0
2209,164.0,50.0
2210,161.25,50.0
2211,164.0,48.0
2212,164.0,48.0
2213,163.0,43.0
2214,161.25,43.0
2215,161.25,39.0
2216,163.0,39.0
2217,162.25,35.0
2218,162.25,35.0
2219,164.0,33.0
2220,162.25,33.0
2221,162.25,31.0
2222,163.0,31.0
2223,163.0,31.0
2224,163.0,31.0
2225,164.0,36.0
2226,164.0,36.0
2227,164.0,44.0
2228,164.0,44.0
2229,164.75,47.0
2230,164.75,47.0
2231,164.75,44.0
2232,164.75,44.0
2233,165.75,39.0
2234,165.75,39.0
2235,165.75,37.0
2236,166.75,37.0
2237,166.75,36.0
2238,165.75,36.0
2239,165.75,39.0
2240,165.75,39.0
2241,166.75,47.0
2242,166.75,47.0
2243,166.75,54.0
2244,166.75,54.0
2245,166.75,57.0
2246,166.75,57.0
2247,166.75,55.0
2248,165.75,55.0
2249,166.75,49.0
2250,166.75,49.0
2251,165.75,45.0
2252,166.75,45.0
2253,166.75,42.0
2254,166.75,42.0
2255,165.75,43.0
2256,166.75,43.0
2257,166.75,48.0
2258,164.75,48.0
2259,165.75,56.0
2260,165.75,56.0
2261,165.75,61.0
2262,166.75,61.0
2263,166.75,61.0
2264,165.75,61.0
2265,165.75,56.0
2266,165.75,56.0
2267,164.75,50.0
2268,164.75,50.0
2269,164.75,46.0
2270,164.75,46.0
2271,165.75,44.0
2272,165.75,44.0
2273,165.75,47.0
2274,165.75,47.0
2275,164.0,54.0
2276,164.0,54.0
2277,165.75,59.0
2278,164.75,59.0
2279,164.75,59.0
2280,165.75,59.0
2281,164.75,53.0
2282,164.75,53.0
2283,164.75,47.0
2284,165.75,47.0
2285,165.75,45.0
2286,165.75,45.0
2287,165.75,45.0
2288,165.75,45.0
2289,165.75,49.0
2290,166.75,49.0
2291,164.75,56.0
2292,164.75,56.0
2293,165.75,58.0
2294,165.75,58.0
2295,165.75,52.0
2296,166.75,52.0
2297,166.75,45.0
2298,166.75,45.0
2299,165.75,43.0
2300,164.75,43.0
2301,165.75,43.0
2302,165.75,43.0
2303,165.75,46.0
2304,164.75,46.0
2305,164.75,51.0
2306,164.75,51.0
2307,164.0,53.0
2308,164.0,53.0
2309,164.0,49.0
2310,164.0,49.0
2311,164.0,42.0
2312,164.75,42.0
2313,164.0,39.0
2314,164.0,39.0
2315,164.0,39.0
2316,164.75,39.0
2317,164.75,41.0
2318,164.75,41.0
2319,164.75,45.0
2320,164.75,45.0
2321,164.75,47.0
2322,164.75,47.0
2323,164.75,43.0
2324,164.75,43.0
2325,165.75,37.0
2326,164.75,37.0
2327,164.75,35.0
2328,164.75,35.0
2329,164.75,34.0
2330,164.75,34.0
2331,164.0,34.0
2332,164.75,34.0
2333,164.75,34.0
2334,164.75,34.0
2335,164.75,39.0
2336,164.0,39.0
2337,164.0,44.0
2338,165.75,44.0
2339,165.75,45.0
2340,165.75,45.0
2341,164.75,41.0
2342,165.75,41.0
2343,165.75,34.0
2344,164.75,34.0
2345,165.75,29.0
2346,165.75,29.0
2347,165.75,27.0
2348,164.75,27.0
2349,165.75,27.0
2350,165.75,27.0
2351,165.75,30.0
2352,166.75,30.0
2353,166.75,34.0
2354,165.75,34.0
2355,165.75,35.0
2356,165.75,35.0
2357,166.75,31.0
2358,165.75,31.0
2359,165.75,26.0
2360,165.75,26.0
2361,165.75,23.0
2362,165.75,23.0
2363,165.75,22.0
2364,166.75,22.0
2365,165.75,22.0
2366,165.75,22.0
2367,166.75,23.0
2368,165.75,23.0
2369,165.75,27.0
2370,166.75,27.0
2371,166.75,29.0
2372,166.75,29.0
2373,165.75,26.0
2374,166.75,26.0
2375,166.75,21.0
2376,166.75,21.0
2377,167.5,18.0
2378,165.75,18.0
2379,165.75,18.0
2380,166.75,18.0
2381,166.75,18.0
2382,166.75,18.0
2383,167.5,20.0
2384,166.75,20.0
2385,166.75,24.0
2386,165.75,24.0
2387,167.5,27.0
2388,165.75,27.0
2389,165.75,26.0
2390,166.75,26.0
2391,166.75,23.0
2392,166.75,23.0
2393,166.75,22.0
2394,166.75,22.0
2395,166.75,22.0
2396,165.75,22.0
2397,165.75,22.0
2398,165.75,22.0
2399,166.75,25.0
2400,166.75,25.0
2401,166.75,27.0
2402,166.75,27.0
2403,164.75,26.0
2404,164.75,26.0
2405,164.75,22.0
2406,165.75,22.0
2407,165.75,20.0
2408,165.75,20.0
2409,165.75,19.0
2410,164.0,19.0
2411,164.0,19.0
2412,165.75,19.0
2413,164.75,23.0
2414,164.75,23.0
2415,164.75,28.0
2416,164.0,28.0
2417,164.0,28.0
2418,164.0,28.0
2419,164.0,24.0
2420,164.0,24.0
2421,164.0,20.0
2422,164.75,20.0
2423,164.0,17.0
2424,164.0,17.0
2425,164.0,16.0
2426,164.75,16.0
2427,164.75,18.0
2428,164.75,18.0
2429,164.0,22.0
2430,164.0,22.0
2431,164.75,26.0
2432,164.75,26.0
2433,164.0,26.0
2434,164.0,26.0
2435,164.0,23.0
2436,164.0,23.0
2437,164.0,19.0
2438,164.0,19.0
2439,164.0,16.0
2440,164.0,16.0
2441,164.75,15.0
2442,164.0,15.0
2443,164.0,15.0
2444,164.0,15.0
2445,164.0,19.0
2446,164.75,19.0
2447,164.75,24.0
2448,164.75,24.0
2449,164.75,30.0
2450,164.0,30.0
2451,164.0,33.0
2452,162.25,33.0
2453,162.25,33.0
2454,163.0,33.0
2455,163.0,29.0
2456,163.0,29.0
2457,163.0,24.0
2458,162.25,24.0
2459,162.25,20.0
2460,163.0,20.0
2461,162.25,16.0
2462,162.25,16.0
2463,163.0,14.0
2464,163.0,14.0
2465,163.0,13.0
2466,164.0,13.0
2467,164.0,15.0
2468,164.0,15.0
2469,163.0,19.0
2470,164.0,19.0
2471,164.0,23.0
2472,164.0,23.0
2473,164.0,25.0
2474,164.0,25.0
2475,164.0,25.0
2476,164.75,25.0
2477,164.0,20.0
2478,164.0,20.0
2479,164.75,16.0
2480,165.75,16.0
2481,165.75,13.0
2482,164.75,13.0
2483,164.75,12.0
2484,164.75,12.0
2485,165.75,13.0
2486,165.75,13.0
2487,165.75,15.0
2488,164.75,15.0
2489,165.75,20.0
2490,165.75,20.0
2491,165.75,24.0
2492,164.75,24.0
2493,164.0,26.0
2494,164.0,26.0
2495,165.75,25.0
2496,164.75,25.0
2497,164.75,20.0
2498,164.75,20.0
2499,165.75,16.0
2500,165.75,16.0
2501,164.75,13.0
2502,164.75,13.0
2503,164.75,12.0
2504,165.75,12.0
2505,165.75,13.0
2506,164.75,13.0
2507,165.75,17.0
2508,165.75,17.0
2509,165.75,21.0
2510,165.75,21.0
2511,165.75,24.0
2512,166.75,24.0
2513,166.75,24.0
2514,165.75,24.0
2515,165.75,21.0
2516,165.75,21.0
2517,165.75,18.0
2518,166.75,18.0
2519,166.75,15.0
2520,167.5,15.0
2521,167.5,14.0
2522,166.75,14.0
2523,168.5,15.0
2524,167.5,15.0
2525,167.5,16.0
2526,167.5,16.0
2527,168.5,20.0
2528,167.5,20.0
2529,167.5,24.0
2530,168.5,24.0
2531,168.5,27.0
2532,168.5,27.0
2533,168.5,28.0
2534,168.5,28.0
2535,168.5,26.0
2536,168.5,26.0
2537,168.5,23.0
2538,168.5,23.0
2539,168.5,22.0
2540,168.5,22.0
2541,167.5,22.0
2542,168.5,22.0
2543,168.5,22.0
2544,168.5,22.0
2545,167.5,25.0
2546,167.5,25.0
2547,168.5,29.0
2548,167.5,29.0
2549,168.5,35.0
2550,168.5,35.0
2551,168.5,40.0
2552,167.5,40.0
2553,167.5,44.0
2554,167.5,44.0
2555,166.75,47.0
2556,166.75,47.0
2557,168.5,47.0
2558,167.5,47.0
2559,167.5,44.0
2560,167.5,44.0
2561,166.75,41.0
2562,167.5,41.0
2563,167.5,38.0
2564,167.5,38.0
2565,166.75,37.0
2566,166.75,37.0
2567,166.75,38.0
2568,167.5,38.0
2569,167.5,41.0
2570,166.75,41.0
2571,166.75,48.0
2572,167.5,48.0
2573,167.5,54.0
2574,166.75,54.0
2575,166.75,58.0
2576,166.75,58.0
2577,166.75,58.0
2578,166.75,58.0
2579,167.5,55.0
2580,166.75,55.0
2581,166.75,51.0
2582,166.75,51.0
2583,166.75,49.0
2584,165.75,49.0
2585,166.75,49.0
2586,166.75,49.0
2587,165.75,51.0
2588,166.75,51.0
2589,166.75,56.0
2590,166.75,56.0
2591,166.75,62.0
2592,166.75,62.0
2593,166.75,66.0
2594,167.5,66.0
2595,167.5,66.0
2596,167.5,66.0
2597,166.75,63.0
2598,167.5,63.0
2599,167.5,59.0
2600,165.75,59.0
2601,167.5,57.0
2602,167.5,57.0
2603,166.75,56.0
2604,166.75,56.0
2605,166.75,58.0
2606,166.75,58.0
2607,166.75,63.0
2608,166.75,63.0
2609,166.75,68.0
2610,166.75,68.0
2611,166.75,71.0
2612,166.75,71.0
2613,166.75,71.0
2614,166.75,71.0
2615,166.75,65.0
2616,167.5,65.0
2617,164.75,60.0
2618,166.75,60.0
2619,166.75,57.0
2620,166.75,57.0
2621,166.75,55.0
2622,166.75,55.0
2623,165.75,55.0
2624,166.75,55.0
2625,166.75,58.0
2626,165.75,58.0
2627,164.75,64.0
2628,164.75,64.0
2629,164.75,67.0
2630,164.75,67.0
2631,164.75,67.0
2632,164.75,67.0
2633,164.75,62.0
2634,165.75,62.0
2635,165.75,56.0
2636,164.75,56.0
2637,164.75,52.0
2638,164.75,52.0
2639,165.75,51.0
2640,164.0,51.0
2641,164.0,55.0
2642,164.75,55.0
2643,164.75,61.0
2644,164.75,61.0
2645,165.75,66.0
2646,164.75,66.0
2647,164.75,68.0
2648,164.0,68.0
2649,164.0,65.0
2650,164.0,65.0
2651,164.0,58.0
2652,164.0,58.0
2653,164.0,51.0
2654,164.0,51.0
2655,163.0,46.0
2656,163.0,46.0
2657,163.0,44.0
2658,164.0,44.0
2659,164.0,43.0
2660,164.0,43.0
2661,163.0,46.0
2662,164.0,46.0
2663,164.0,50.0
2664,164.0,50.0
2665,163.0,54.0
2666,163.0,54.0
2667,164.0,56.0
2668,164.0,56.0
2669,164.0,52.0
2670,164.0,52.0
2671,164.0,45.0
2672,164.75,45.0
2673,164.75,40.0
2674,164.0,40.0
2675,164.0,37.0
2676,164.0,37.0
2677,163.0,36.0
2678,164.0,36.0
2679,164.0,36.0
2680,164.0,36.0
2681,164.0,39.0
2682,164.0,39.0
2683,164.0,43.0
2684,164.0,43.0
2685,164.0,45.0
2686,164.0,45.0
2687,164.0,43.0
2688,164.0,43.0
2689,165.75,37.0
2690,164.75,37.0
2691,165.75,32.0
2692,165.75,32.0
2693,165.75,31.0
2694,165.75,31.0
2695,165.75,30.0
2696,165.75,30.0
2697,165.75,30.0
2698,165.75,30.0
2699,166.75,32.0
2700,166.75,32.0
2701,166.75,36.0
2702,166.75,36.0
2703,166.75,38.0
2704,165.75,38.0
2705,165.75,34.0
2706,167.5,34.0
2707,163.0,28.0
2708,163.0,28.0
2709,164.75,25.0
2710,165.75,25.0
2711,165.75,24.0
2712,164.75,24.0
2713,165.75,27.0
2714,165.75,27.0
2715,164.75,30.0
2716,165.75,30.0
2717,165.75,30.0
2718,165.75,30.0
2719,165.75,28.0
2720,165.75,28.0
2721,165.75,25.0
2722,164.75,25.0
2723,164.75,24.0
2724,164.75,24.0
2725,165.75,20.0
2726,164.75,20.0
2727,164.75,10.0
2728,164.75,10.0
2729,164.75,0.0
2730,164.75,0.0
2731,164.0,0.0
2732,164.75,0.0
2733,164.75,0.0
2734,164.75,0.0
2735,163.0,0.0
2736,162.25,0.0
2737,162.25,0.0
2738,161.25,0.0
2739,161.25,0.0
2740,161.25,0.0
2741,161.25,6.0
2742,160.5,6.0
2743,160.5,5.0
2744,158.75,5.0
2745,158.0,4.0
2746,158.0,4.0
2747,157.0,6.0
2748,157.0,6.0
2749,158.0,8.0
2750,158.0,8.0
2751,158.0,9.0
2752,158.75,9.0
2753,158.0,10.0
2754,158.0,10.0
2755,157.0,13.0
2756,158.75,13.0
2757,158.75,15.0
2758,158.0,15.0
2759,158.75,12.0
2760,158.75,12.0
2761,159.5,8.0
2762,158.75,8.0
2763,158.75,5.0
2764,160.5,5.0
2765,160.5,5.0
2766,158.75,5.0
2767,159.5,10.0
2768,157.0,10.0
2769,157.0,15.0
2770,158.75,15.0
2771,158.0,18.0
2772,158.0,18.0
2773,157.0,15.0
2774,157.0,15.0
2775,157.0,11.0
2776,158.0,11.0
2777,158.0,6.0
2778,158.0,6.0
2779,158.0,5.0
2780,157.0,5.0
2781,157.0,7.0
2782,158.75,7.0
2783,157.0,12.0
2784,157.0,12.0
2785,158.75,17.0
2786,158.0,17.0
2787,158.0,20.0
2788,159.5,20.0
2789,157.0,23.0
2790,157.0,23.0
2791,158.75,26.0
2792,158.75,26.0
2793,158.75,27.0
2794,156.25,27.0
2795,156.25,23.0
2796,157.0,23.0
2797,153.75,18.0
2798,153.75,18.0
2799,157.0,12.0
2800,156.25,12.0
2801,156.25,9.0
2802,157.0,9.0
2803,158.0,10.0
2804,158.0,10.0
2805,158.0,15.0
2806,158.75,15.0
2807,158.75,20.0
2808,159.5,20.0
2809,158.75,22.0
2810,158.75,22.0
2811,160.5,20.0
2812,159.5,20.0
2813,159.5,14.0
2814,160.5,14.0
2815,161.25,9.0
2816,161.25,9.0
2817,158.75,7.0
2818,159.5,7.0
2819,159.5,8.0
2820,160.5,8.0
2821,161.25,13.0
2822,161.25,13.0
2823,159.5,19.0
2824,161.25,19.0
2825,161.25,21.0
2826,160.5,21.0
2827,161.25,19.0
2828,161.25,19.0
2829,160.5,14.0
2830,162.25,14.0
2831,162.25,9.0
2832,162.25,9.0
2833,162.25,8.0
2834,162.25,8.0
2835,162.25,9.0
2836,163.0,9.0
2837,163.0,15.0
2838,162.25,15.0
2839,162.25,20.0
2840,162.25,20.0
2841,163.0,23.0
2842,162.25,23.0
2843,162.25,20.0
2844,163.0,20.0
2845,162.25,15.0
2846,163.0,15.0
2847,163.0,11.0
2848,163.0,11.0
2849,162.25,10.0
2850,162.25,10.0
2851,163.0,13.0
2852,163.0,13.0
2853,163.0,18.0
2854,163.0,18.0
2855,164.0,24.0
2856,164.0,24.0
2857,164.0,26.0
2858,164.0,26.0
2859,164.0,24.0
2860,164.75,24.0
2861,164.75,19.0
2862,164.75,19.0
2863,164.75,15.0
2864,164.75,15.0
2865,166.75,12.0
2866,166.75,12.0
2867,165.75,12.0
2868,166.75,12.0
2869,166.75,13.0
2870,165.75,13.0
2871,167.5,16.0
2872,167.5,16.0
2873,166.75,23.0
2874,167.5,23.0
2875,167.5,28.0
2876,166.75,28.0
2877,167.5,31.0
2878,167.5,31.0
2879,167.5,32.0
2880,166.75,32.0
2881,167.5,31.0
2882,167.5,31.0
2883,166.75,28.0
2884,167.5,28.0
2885,167.5,24.0
2886,167.5,24.0
2887,167.5,20.0
2888,167.5,20.0
2889,167.5,18.0
2890,167.5,18.0
2891,167.5,18.0
2892,167.5,18.0
2893,167.5,19.0
2894,167.5,19.0
2895,167.5,23.0
2896,166.75,23.0
2897,167.5,29.0
2898,167.5,29.0
2899,167.5,34.0
2900,167.5,34.0
2901,167.5,36.0
2902,167.5,36.0
2903,167.5,38.0
2904,167.5,38.0
2905,167.5,39.0
2906,166.75,39.0
2907,167.5,40.0
2908,167.5,40.0
2909,166.75,40.0
2910,167.5,40.0
2911,167.5,39.0
2912,167.5,39.0
2913,165.75,35.0
2914,166.75,35.0
2915,166.75,31.0
2916,165.75,31.0
2917,166.75,29.0
2918,166.75,29.0
2919,166.75,27.0
2920,166.75,27.0
2921,166.75,26.0
2922,164.75,26.0
2923,167.5,26.0
2924,165.75,26.0
2925,165.75,27.0
2926,165.75,27.0
2927,166.75,29.0
2928,166.75,29.0
2929,165.75,31.0
2930,166.75,31.0
2931,166.75,35.0
2932,164.75,35.0
2933,165.75,40.0
2934,165.75,40.0
2935,164.75,43.0
2936,164.75,43.0
2937,164.0,42.0
2938,164.0,42.0
2939,164.75,41.0
2940,164.75,41.0
2941,164.75,43.0
2942,164.0,43.0
2943,164.75,45.0
2944,164.75,45.0
2945,164.75,43.0
2946,164.75,43.0
2947,164.75,38.0
2948,165.75,38.0
2949,165.75,33.0
2950,165.75,33.0
2951,164.0,30.0
2952,165.75,30.0
2953,164.75,29.0
2954,164.75,29.0
2955,164.75,28.0
2956,165.75,28.0
2957,165.75,29.0
2958,165.75,29.0
2959,164.75,31.0
2960,164.75,31.0
2961,164.75,33.0
2962,164.75,33.0
2963,164.75,33.0
2964,165.75,33.0
2965,164.75,33.0
2966,164.75,33.0
2967,165.75,36.0
2968,165.75,36.0
2969,164.75,41.0
2970,164.75,41.0
2971,165.75,44.0
2972,164.75,44.0
2973,164.75,46.0
2974,164.0,46.0
2975,164.75,46.0
2976,164.75,46.0
2977,164.75,44.0
2978,164.0,44.0
2979,164.0,39.0
2980,164.75,39.0
2981,164.0,33.0
2982,164.0,33.0
2983,164.0,29.0
2984,164.75,29.0
2985,164.75,25.0
2986,164.75,25.0
2987,164.0,23.0
2988,164.0,23.0
2989,164.0,23.0
2990,165.75,23.0
2991,164.0,22.0
2992,164.0,22.0
2993,164.75,23.0
2994,163.0,23.0
2995,163.0,27.0
2996,164.75,27.0
2997,164.0,32.0
2998,164.0,32.0
2999,164.0,37.0
3000,163.0,37.0
3001,163.0,38.0
3002,164.0,38.0
3003,164.0,34.0
3004,164.75,34.0
3005,164.75,28.0
3006,164.0,28.0
3007,164.75,23.0
3008,164.75,23.0
3009,164.75,20.0
3010,164.75,20.0
3011,164.75,19.0
3012,165.75,19.0
3013,164.75,20.0
3014,164.75,20.0
3015,164.75,20.0
3016,164.0,20.0
3017,164.0,23.0
3018,165.75,23.0
3019,164.75,28.0
3020,164.75,28.0
3021,164.75,32.0
3022,164.75,32.0
3023,165.75,33.0
3024,165.75,33.0
3025,164.75,30.0
3026,164.75,30.0
3027,164.75,25.0
3028,165.75,25.0
3029,165.75,19.0
3030,165.75,19.0
3031,165.75,15.0
3032,165.75,15.0
3033,165.75,14.0
3034,165.75,14.0
3035,165.75,14.0
3036,166.75,14.0
3037,166.75,15.0
3038,164.75,15.0
3039,165.75,15.0
3040,165.75,15.0
3041,166.75,18.0
3042,165.75,18.0
3043,165.75,22.0
3044,165.75,22.0
3045,165.75,26.0
3046,165.75,26.0
3047,165.75,27.0
3048,165.75,27.0
3049,166.75,26.0
3050,166.75,26.0
3051,165.75,21.0
3052,165.75,21.0
3053,165.75,16.0
3054,165.75,16.0
3055,166.75,12.0
3056,166.75,12.0
3057,165.75,11.0
3058,165.75,11.0
3059,165.75,12.0
3060,165.75,12.0
3061,165.75,13.0
3062,165.75,13.0
3063,165.75,13.0
3064,165.75,13.0
3065,164.75,15.0
3066,164.75,15.0
3067,165.75,20.0
3068,164.75,20.0
3069,164.75,23.0
3070,164.0,23.0
3071,164.0,25.0
3072,164.0,25.0
3073,164.0,24.0
3074,163.0,24.0
3075,163.0,20.0
3076,163.0,20.0
3077,163.0,15.0
3078,163.0,15.0
3079,163.0,11.0
3080,162.25,11.0
3081,162.25,9.0
3082,162.25,9.0
3083,162.25,9.0
3084,163.0,9.0
3085,163.0,10.0
3086,162.25,10.0
3087,163.0,10.0
3088,163.0,10.0
3089,163.0,10.0
3090,162.25,10.0
3091,162.25,12.0
3092,163.0,12.0
3093,162.25,16.0
3094,162.25,16.0
3095,162.25,20.0
3096,162.25,20.0
3097,162.25,22.0
3098,162.25,22.0
3099,163.0,22.0
3100,163.0,22.0
3101,163.0,19.0
3102,161.25,19.0
3103,162.25,14.0
3104,162.25,14.0
3105,162.25,10.0
3106,162.25,10.0
3107,161.25,8.0
3108,162.25,8.0
3109,162.25,8.0
3110,161.25,8.0
3111,162.25,9.0
3112,162.25,9.0
3113,162.25,10.0
3114,162.25,10.0
3115,162.25,11.0
3116,162.25,11.0
3117,161.25,14.0
3118,161.25,14.0
3119,162.25,18.0
3120,163.0,18.0
3121,162.25,20.0
3122,162.25,20.0
3123,163.0,21.0
3124,162.25,21.0
3125,162.25,19.0
3126,161.25,19.0
3127,161.25,16.0
3128,161.25,16.0
3129,161.25,14.0
3130,160.5,14.0
3131,160.5,13.0
3132,161.25,13.0
3133,160.5,13.0
3134,160.5,13.0
3135,161.25,14.0
3136,161.25,14.0
3137,161.25,16.0
3138,161.25,16.0
3139,161.25,20.0
3140,161.25,20.0
3141,162.25,22.0
3142,163.0,22.0
3143,163.0,22.0
3144,162.25,22.0
3145,161.25,19.0
3146,161.25,19.0
3147,161.25,15.0
3148,164.0,15.0
3149,164.0,12.0
3150,163.0,12.0
3151,163.0,11.0
3152,163.0,11.0
3153,164.0,12.0
3154,164.0,12.0
3155,164.0,15.0
3156,164.0,15.0
3157,164.0,19.0
3158,164.0,19.0
3159,164.0,21.0
3160,164.0,21.0
3161,164.0,20.0
3162,164.0,20.0
3163,162.25,17.0
3164,163.0,17.0
3165,163.0,14.0
3166,163.0,14.0
3167,164.0,12.0
3168,164.0,12.0
3169,164.0,12.0
3170,163.0,12.0
3171,163.0,16.0
3172,164.0,16.0
3173,164.0,21.0
3174,164.0,21.0
3175,164.75,24.0
3176,164.75,24.0
3177,164.75,25.0
3178,164.75,25.0
3179,164.75,23.0
3180,164.75,23.0
3181,164.75,20.0
3182,164.0,20.0
3183,164.0,16.0
3184,164.0,16.0
3185,164.75,13.0
3186,164.0,13.0
3187,164.0,10.0
3188,162.25,10.0
3189,164.0,9.0
3190,164.0,9.0
3191,163.0,11.0
3192,164.0,11.0
3193,164.0,15.0
3194,161.25,15.0
3195,163.0,20.0
3196,163.0,20.0
3197,161.25,23.0
3198,162.25,23.0
3199,162.25,25.0
3200,162.25,25.0
3201,162.25,23.0
3202,162.25,23.0
3203,162.25,19.0
3204,163.0,19.0
3205,164.0,15.0
3206,164.0,15.0
3207,164.0,13.0
3208,164.0,13.0
3209,164.0,11.0
3210,164.0,11.0
3211,164.75,12.0
3212,164.75,12.0
3213,164.75,15.0
3214,164.75,15.0
3215,164.75,21.0
3216,164.0,21.0
3217,164.0,26.0
3218,164.75,26.0
3219,164.75,29.0
3220,164.75,29.0
3221,164.75,28.0
3222,164.75,28.0
3223,164.75,25.0
3224,165.75,25.0
3225,165.75,21.0
3226,164.75,21.0
3227,164.75,19.0
3228,164.75,19.0
3229,164.75,18.0
3230,164.75,18.0
3231,164.75,19.0
3232,165.75,19.0
3233,164.75,23.0
3234,164.75,23.0
3235,164.75,30.0
3236,164.75,30.0
3237,164.75,36.0
3238,165.75,36.0
3239,165.75,37.0
3240,165.75,37.0
3241,165.75,35.0
3242,165.75,35.0
3243,166.75,30.0
3244,166.75,30.0
3245,165.75,28.0
3246,166.75,28.0
3247,166.75,27.0
3248,166.75,27.0
3249,166.75,30.0
3250,165.75,30.0
3251,166.75,35.0
3252,166.75,35.0
3253,166.75,42.0
3254,166.75,42.0
3255,166.75,47.0
3256,167.5,47.0
3257,167.5,48.0
3258,166.75,48.0
3259,167.5,45.0
3260,167.5,45.0
3261,166.75,41.0
3262,166.75,41.0
3263,167.5,37.0
3264,167.5,37.0
3265,167.5,36.0
3266,165.75,36.0
3267,165.75,37.0
3268,167.5,37.0
3269,165.75,42.0
3270,165.75,42.0
3271,166.75,48.0
3272,166.75,48.0
3273,166.75,53.0
3274,164.75,53.0
3275,166.75,56.0
3276,165.75,56.0
3277,165.75,58.0
3278,166.75,58.0
3279,166.75,59.0
3280,166.75,59.0
3281,166.75,58.0
3282,166.75,58.0
3283,166.75,54.0
3284,166.75,54.0
3285,165.75,47.0
3286,165.75,47.0
3287,165.75,42.0
3288,166.75,42.0
3289,166.75,39.0
3290,166.75,39.0
3291,165.75,39.0
3292,165.75,39.0
3293,165.75,44.0
3294,165.75,44.0
3295,164.75,51.0
3296,164.75,51.0
3297,164.75,55.0
3298,164.75,55.0
3299,164.75,51.0
3300,164.75,51.0
3301,164.0,45.0
3302,164.0,45.0
3303,163.0,40.0
3304,162.25,40.0
3305,163.0,37.0
3306,163.0,37.0
3307,162.25,38.0
3308,161.25,38.0
3309,161.25,44.0
3310,162.25,44.0
3311,162.25,51.0
3312,162.25,51.0
3313,162.25,54.0
3314,162.25,54.0
3315,162.25,53.0
3316,162.25,53.0
3317,163.0,48.0
3318,163.0,48.0
3319,161.25,41.0
3320,162.25,41.0
3321,162.25,37.0
3322,162.25,37.0
3323,162.25,35.0
3324,162.25,35.0
3325,159.5,35.0
3326,158.0,35.0
3327,158.0,36.0
3328,159.5,36.0
3329,161.25,41.0
3330,161.25,41.0
3331,160.5,45.0
3332,159.5,45.0
3333,159.5,46.0
3334,158.75,46.0
3335,159.5,42.0
3336,159.5,42.0
3337,159.5,36.0
3338,159.5,36.0
3339,159.5,32.0
3340,160.5,32.0
3341,160.5,31.0
3342,160.5,31.0
3343,160.5,32.0
3344,161.25,32.0
3345,161.25,36.0
3346,161.25,36.0
3347,161.25,40.0
3348,161.25,40.0
3349,162.25,39.0
3350,161.25,39.0
3351,161.25,34.0
3352,161.25,34.0
3353,160.5,29.0
3354,160.5,29.0
3355,161.25,28.0
3356,161.25,28.0
3357,161.25,29.0
3358,161.25,29.0
3359,162.25,32.0
3360,162.25,32.0
3361,161.25,36.0
3362,161.25,36.0
3363,161.25,36.0
3364,162.25,36.0
3365,163.0,32.0
3366,163.0,32.0
3367,162.25,27.0
3368,163.0,27.0
3369,162.25,25.0
3370,162.25,25.0
3371,164.0,25.0
3372,163.0,25.0
3373,163.0,26.0
3374,164.0,26.0
3375,164.0,29.0
3376,164.0,29.0
3377,164.0,32.0
3378,163.0,32.0
3379,163.0,32.0
3380,164.0,32.0
3381,164.0,27.0
3382,164.0,27.0
3383,164.0,22.0
3384,164.75,22.0
3385,164.75,20.0
3386,164.0,20.0
3387,164.0,19.0
3388,164.0,19.0
3389,164.75,20.0
3390,164.0,20.0
3391,164.0,19.0
3392,164.0,19.0
3393,164.75,10.0
3394,164.75,10.0
3395,164.75,0.0
3396,164.0,0.0
3397,164.75,0.0
3398,164.75,0.0
3399,164.75,0.0
3400,165.75,0.0
3401,165.75,0.0
3402,164.75,0.0
3403,164.75,0.0
3404,164.75,0.0
3405,164.0,0.0
3406,164.75,0.0
3407,163.0,0.0
3408,163.0,0.0
3409,159.5,0.0
3410,158.75,0.0
3411,158.75,0.0
3412,161.25,0.0
3413,159.5,0.0
3414,159.5,0.0
3415,161.25,0.0
3416,158.75,0.0
3417,158.75,0.0
3418,159.5,0.0
3419,159.5,0.0
3420,159.5,0.0
3421,159.5,0.0
3422,159.5,0.0
3423,159.5,0.0
3424,160.5,0.0
3425,159.5,0.0
3426,159.5,0.0
3427,160.5,0.0
3428,160.5,0.0
3429,160.5,0.0
3430,160.5,0.0
3431,160.5,0.0
3432,160.5,0.0
3433,160.5,0.0
3434,160.5,0.0
3435,160.5,0.0
3436,159.5,0.0
3437,159.5,0.0
3438,159.5,0.0
3439,158.75,0.0
3440,158.75,0.0
3441,158.75,0.0
3442,157.0,0.0
3443,157.0,0.0
3444,158.75,0.0
3445,158.0,0.0
3446,158.0,0.0
3447,158.75,0.0
3448,157.0,0.0
3449,157.0,0.0
3450,158.0,0.0
3451,157.0,0.0
3452,157.0,0.0
3453,156.25,0.0
3454,157.0,0.0
3455,157.0,0.0
3456,157.0,0.0
3457,155.5,0.0
3458,155.5,0.0
3459,157.0,0.0
3460,154.75,0.0
3461,154.75,0.0
3462,153.0,0.0
3463,153.0,0.0
3464,152.25,0.0
3465,155.5,0.0
3466,155.5,0.0
3467,155.5,0.0
3468,156.25,0.0
3469,156.25,0.0
3470,154.75,0.0
3471,154.75,0.0
3472,154.75,0.0
3473,154.75,0.0
3474,156.25,0.0
3475,156.25,0.0
3476,156.25,0.0
3477,155.5,0.0
3478,155.5,0.0
3479,156.25,0.0
3480,156.25,0.0
3481,156.25,0.0
3482,157.0,0.0
3483,157.0,5.0
3484,155.5,5.0
3485,156.25,7.0
3486,156.25,7.0
3487,156.25,6.0
3488,155.5,6.0
3489,155.5,0.0
3490,156.25,0.0
3491,157.0,0.0
3492,157.0,0.0
3493,157.0,0.0
3494,157.0,0.0
3495,157.0,0.0
3496,157.0,0.0
3497,157.0,0.0
3498,157.0,0.0
3499,158.0,0.0
3500,157.0,0.0
3501,157.0,0.0
3502,158.0,0.0
3503,158.75,4.0
3504,158.75,4.0
3505,158.0,3.0
3506,158.75,3.0
3507,158.75,0.0
3508,158.0,0.0
3509,158.75,0.0
3510,158.75,0.0
3511,158.75,0.0
3512,158.75,0.0
3513,159.5,0.0
3514,160.5,0.0
3515,160.5,0.0
3516,159.5,0.0
3517,160.5,0.0
3518,160.5,0.0
3519,159.5,0.0
3520,161.25,0.0
3521,161.25,2.0
3522,161.25,2.0
3523,160.5,3.0
3524,161.25,3.0
3525,161.25,0.0
3526,160.5,0.0
3527,162.25,0.0
3528,162.25,0.0
3529,161.25,0.0
3530,160.5,0.0
3531,160.5,0.0
3532,162.25,0.0
3533,162.25,0.0
3534,162.25,0.0
3535,162.25,0.0
3536,162.25,0.0
3537,162.25,0.0
3538,163.0,0.0
3539,163.0,3.0
3540,163.0,3.0
3541,163.0,3.0
3542,163.0,3.0
3543,163.0,0.0
3544,163.0,0.0
3545,162.25,0.0
3546,162.25,0.0
3547,163.0,0.0
3548,164.0,0.0
3549,164.0,0.0
3550,163.0,0.0
3551,163.0,0.0
3552,163.0,0.0
3553,163.0,0.0
3554,164.0,0.0
3555,164.0,3.0
3556,164.0,3.0
3557,164.75,7.0
3558,164.0,7.0
3559,164.0,5.0
3560,164.75,5.0
3561,165.75,0.0
3562,165.75,0.0
3563,164.75,0.0
3564,165.75,0.0
3565,165.75,0.0
3566,164.75,0.0
3567,165.75,0.0
3568,165.75,0.0
3569,165.75,0.0
3570,164.75,0.0
3571,166.75,0.0
3572,166.75,0.0
3573,165.75,6.0
3574,164.75,6.0
3575,164.75,11.0
3576,165.75,11.0
3577,164.75,13.0
3578,164.75,13.0
3579,164.75,11.0
3580,165.75,11.0
3581,165.75,5.0
3582,165.75,5.0
3583,164.75,0.0
3584,164.75,0.0
3585,164.75,0.0
3586,165.75,0.0
3587,165.75,0.0
3588,165.75,0.0
3589,164.75,0.0
3590,165.75,0.0
3591,165.75,0.0
3592,165.75,0.0
3593,165.75,1.0
3594,166.75,1.0
3595,165.75,7.0
3596,165.75,7.0
3597,165.75,12.0
3598,166.75,12.0
3599,166.75,14.0
3600,165.75,14.0
3601,165.75,12.0
3602,166.75,12.0
3603,166.75,7.0
3604,166.75,7.0
3605,166.75,1.0
3606,165.75,1.0
3607,166.75,0.0
3608,165.75,0.0
3609,166.75,0.0
3610,166.75,0.0
3611,166.75,0.0
3612,165.75,0.0
3613,166.75,0.0
3614,166.75,0.0
3615,166.75,0.0
3616,166.75,0.0
3617,166.75,7.0
3618,166.75,7.0
3619,166.75,12.0
3620,166.75,12.0
3621,166.75,11.0
3622,166.75,11.0
3623,166.75,7.0
3624,166.75,7.0
3625,166.75,2.0
3626,166.75,2.0
3627,166.75,0.0
3628,167.5,0.0
3629,165.75,0.0
3630,165.75,0.0
3631,166.75,0.0
3632,166.75,0.0
3633,166.75,0.0
3634,166.75,0.0
3635,165.75,0.0
3636,167.5,0.0
3637,167.5,1.0
3638,165.75,1.0
3639,164.75,8.0
3640,164.75,8.0
3641,166.75,16.0
3642,165.75,16.0
3643,165.75,19.0
3644,164.75,19.0
3645,164.75,21.0
3646,164.75,21.0
3647,165.75,22.0
3648,165.75,22.0
3649,165.75,21.0
3650,165.75,21.0
3651,165.75,17.0
3652,165.75,17.0
3653,165.75,9.0
3654,165.75,9.0
3655,165.75,1.0
3656,165.75,1.0
3657,166.75,0.0
3658,166.75,0.0
3659,166.75,0.0
3660,165.75,0.0
3661,166.75,0.0
3662,166.75,0.0
3663,166.75,0.0
3664,165.75,0.0
3665,166.75,0.0
3666,166.75,0.0
3667,166.75,0.0
3668,165.75,0.0
3669,165.75,4.0
3670,165.75,4.0
3671,164.75,10.0
3672,164.75,10.0
3673,165.75,13.0
3674,164.75,13.0
3675,164.75,15.0
3676,165.75,15.0
3677,164.75,13.0
3678,164.75,13.0
3679,164.75,8.0
3680,164.0,8.0
3681,164.75,0.0
3682,164.75,0.0
3683,164.75,0.0
3684,164.75,0.0
3685,164.75,0.0
3686,164.75,0.0
3687,164.0,0.0
3688,164.0,0.0
3689,163.0,0.0
3690,164.75,0.0
3691,164.75,0.0
3692,163.0,0.0
3693,163.0,0.0
3694,163.0,0.0
3695,160.5,2.0
3696,161.25,2.0
3697,161.25,4.0
3698,160.5,4.0
3699,162.25,3.0
3700,162.25,3.0
3701,161.25,4.0
3702,160.5,4.0
3703,160.5,5.0
3704,159.5,5.0
3705,160.5,0.0
3706,161.25,0.0
3707,161.25,0.0
3708,161.25,0.0
3709,161.25,0.0
3710,157.0,0.0
3711,159.5,0.0
3712,159.5,0.0
3713,159.5,4.0
3714,159.5,4.0
3715,159.5,2.0
3716,159.5,2.0
3717,160.5,0.0
3718,160.5,0.0
3719,160.5,0.0
3720,160.5,0.0
3721,160.5,0.0
3722,160.5,0.0
3723,160.5,0.0
3724,160.5,0.0
3725,159.5,0.0
3726,160.5,0.0
3727,160.5,1.0
3728,160.5,1.0
3729,159.5,0.0
3730,159.5,0.0
3731,159.5,0.0
3732,160.5,0.0
3733,160.5,0.0
3734,158.75,0.0
3735,158.75,0.0
3736,158.75,0.0
3737,159.5,0.0
3738,159.5,0.0
3739,159.5,0.0
3740,159.5,0.0
3741,157.0,3.0
3742,157.0,3.0
3743,157.0,1.0
3744,156.25,1.0
3745,156.25,0.0
3746,153.0,0.0
3747,156.25,0.0
3748,156.25,0.0
3749,155.5,0.0
3750,156.25,0.0
3751,156.25,0.0
3752,155.5,0.0
3753,156.25,0.0
3754,156.25,0.0
3755,156.25,0.0
3756,156.25,0.0
3757,156.25,0.0
3758,157.0,0.0
3759,157.0,0.0
3760,155.5,0.0
3761,155.5,0.0
3762,155.5,0.0
3763,156.25,0.0
3764,157.0,0.0
3765,157.0,0.0
3766,153.75,0.0
3767,156.25,0.0
3768,156.25,0.0
3769,156.25,0.0
3770,157.0,0.0
3771,157.0,0.0
3772,157.0,0.0
3773,158.0,0.0
3774,158.0,0.0
3775,157.0,0.0
3776,157.0,0.0
3777,157.0,0.0
3778,158.75,0.0
3779,158.0,0.0
3780,158.0,0.0
3781,156.25,0.0
3782,156.25,0.0
3783,157.0,0.0
3784,158.0,0.0
3785,158.0,0.0
3786,157.0,0.0
3787,158.75,0.0
3788,158.75,0.0
3789,157.0,0.0
3790,158.0,0.0
3791,158.0,0.0
3792,158.0,0.0
3793,158.0,0.0
3794,158.0,0.0
3795,158.0,0.0
3796,158.75,0.0
3797,158.75,2.0
3798,158.0,2.0
3799,158.75,0.0
3800,158.75,0.0
3801,158.75,0.0
3802,158.75,0.0
3803,158.75,0.0
3804,159.5,0.0
3805,159.5,2.0
3806,159.5,2.0
3807,159.5,2.0
3808,160.5,2.0
3809,160.5,0.0
3810,159.5,0.0
3811,160.5,0.0
3812,160.5,0.0
3813,159.5,0.0
3814,160.5,0.0
3815,160.5,0.0
3816,160.5,0.0
3817,160.5,3.0
3818,160.5,3.0
3819,161.25,1.0
3820,159.5,1.0
3821,159.5,0.0
3822,160.5,0.0
3823,159.5,0.0
3824,159.5,0.0
3825,161.25,0.0
3826,160.5,0.0
3827,160.5,0.0
3828,161.25,0.0
3829,160.5,6.0
3830,160.5,6.0
3831,159.5,9.0
3832,158.75,9.0
3833,158.75,10.0
3834,160.5,10.0
3835,158.75,7.0
3836,158.75,7.0
3837,158.75,1.0
3838,158.75,1.0
3839,158.75,0.0
3840,158.75,0.0
3841,158.75,0.0
3842,158.75,0.0
3843,158.0,0.0
3844,158.0,0.0
3845,158.0,0.0
3846,157.0,0.0
3847,158.0,0.0
3848,158.0,0.0
3849,157.0,2.0
3850,157.0,2.0
3851,157.0,8.0
3852,157.0,8.0
3853,156.25,11.0
3854,156.25,11.0
3855,157.0,11.0
3856,157.0,11.0
3857,156.25,7.0
3858,157.0,7.0
3859,157.0,0.0
3860,157.0,0.0
3861,156.25,0.0
3862,156.25,0.0
3863,154.75,0.0
3864,156.25,0.0
3865,156.25,0.0
3866,154.75,0.0
3867,155.5,0.0
3868,155.5,0.0
3869,156.25,0.0
3870,155.5,0.0
3871,155.5,4.0
3872,157.0,4.0
3873,157.0,8.0
3874,153.0,8.0
3875,153.75,10.0
3876,153.75,10.0
3877,153.0,8.0
3878,148.5,8.0
3879,148.5,3.0
3880,149.25,3.0
3881,151.5,0.0
3882,151.5,0.0
3883,149.25,0.0
3884,149.25,0.0
3885,151.5,0.0
3886,152.25,0.0
3887,152.25,0.0
3888,153.0,0.0
3889,154.75,0.0
3890,154.75,0.0
3891,155.5,0.0
3892,155.5,0.0
3893,155.5,3.0
3894,156.25,3.0
3895,155.5,6.0
3896,155.5,6.0
3897,156.25,6.0
3898,156.25,6.0
3899,155.5,1.0
3900,156.25,1.0
3901,156.25,0.0
3902,155.5,0.0
3903,154.75,0.0
3904,154.75,0.0
3905,153.0,0.0
3906,153.75,0.0
3907,153.75,0.0
3908,154.75,0.0
3909,154.75,0.0
3910,154.75,0.0
3911,154.75,3.0
3912,154.75,3.0
3913,154.75,8.0
3914,155.5,8.0
3915,155.5,10.0
3916,156.25,10.0
3917,157.0,8.0
3918,157.0,8.0
3919,158.0,2.0
3920,158.0,2.0
3921,158.0,0.0
3922,158.75,0.0
3923,158.75,0.0
3924,158.75,0.0
3925,159.5,0.0
3926,159.5,0.0
3927,159.5,0.0
3928,159.5,0.0
3929,159.5,0.0
3930,159.5,0.0
3931,160.5,3.0
3932,159.5,3.0
3933,159.5,8.0
3934,159.5,8.0
3935,160.5,9.0
3936,160.5,9.0
3937,161.25,7.0
3938,160.5,7.0
3939,160.5,1.0
3940,161.25,1.0
3941,161.25,0.0
3942,161.25,0.0
3943,161.25,0.0
3944,162.25,0.0
3945,162.25,0.0
3946,161.25,0.0
3947,162.25,1.0
3948,162.25,1.0
3949,162.25,7.0
3950,161.25,7.0
3951,161.25,11.0
3952,162.25,11.0
3953,161.25,13.0
3954,161.25,13.0
3955,161.25,10.0
3956,161.25,10.0
3957,161.25,4.0
3958,162.25,4.0
3959,161.25,0.0
3960,161.25,0.0
3961,161.25,0.0
3962,162.25,0.0
3963,162.25,0.0
3964,162.25,0.0
3965,163.0,0.0
3966,163.0,0.0
3967,163.0,4.0
3968,163.0,4.0
3969,164.0,9.0
3970,164.0,9.0
3971,164.0,12.0
3972,164.0,12.0
3973,164.0,11.0
3974,164.75,11.0
3975,164.75,6.0
3976,164.75,6.0
3977,164.75,0.0
3978,164.75,0.0
3979,164.75,0.0
3980,165.75,0.0
3981,165.75,0.0
3982,164.75,0.0
3983,164.75,0.0
3984,165.75,0.0
3985,165.75,2.0
3986,165.75,2.0
3987,164.75,8.0
3988,166.75,8.0
3989,166.75,12.0
3990,164.75,12.0
3991,166.75,12.0
3992,166.75,12.0
3993,165.75,8.0
3994,166.75,8.0
3995,166.75,3.0
3996,166.75,3.0
3997,165.75,0.0
3998,166.75,0.0
3999,166.75,0.0
4000,166.75,0.0
4001,165.75,0.0
4002,165.75,0.0
4003,164.75,1.0
4004,164.75,1.0
4005,164.75,5.0
4006,166.75,5.0
4007,164.75,10.0
4008,164.75,10.0
4009,164.0,12.0
4010,162.25,12.0
4011,164.0,9.0
4012,164.0,9.0
4013,162.25,5.0
4014,163.0,5.0
4015,163.0,3.0
4016,162.25,3.0
4017,163.0,5.0
4018,163.0,5.0
4019,162.25,8.0
4020,162.25,8.0
4021,162.25,11.0
4022,162.25,11.0
4023,162.25,8.0
4024,162.25,8.0
4025,162.25,4.0
4026,163.0,4.0
4027,163.0,3.0
4028,161.25,3.0
4029,161.25,4.0
4030,161.25,4.0
4031,160.5,8.0
4032,161.25,8.0
4033,161.25,11.0
4034,161.25,11.0
4035,161.25,9.0
4036,161.25,9.0
4037,161.25,9.0
4038,162.25,9.0
4039,162.25,12.0
4040,162.25,12.0
4041,161.25,12.0
4042,161.25,12.0
4043,161.25,8.0
4044,161.25,8.0
4045,161.25,7.0
4046,159.5,7.0
4047,160.5,10.0
4048,160.5,10.0
4049,159.5,9.0
4050,161.25,9.0
4051,161.25,6.0
4052,159.5,6.0
4053,160.5,6.0
4054,160.5,6.0
4055,158.75,9.0
4056,160.5,9.0
4057,160.5,10.0
4058,159.5,10.0
4059,159.5,6.0
4060,159.5,6.0
4061,160.5,3.0
4062,159.5,3.0
4063,159.5,5.0
4064,159.5,5.0
4065,159.5,8.0
4066,159.5,8.0
4067,158.75,6.0
4068,159.5,6.0
4069,159.5,3.0
4070,158.0,3.0
4071,157.0,3.0
4072,157.0,3.0
4073,157.0,6.0
4074,158.75,6.0
4075,158.75,5.0
4076,158.0,5.0
4077,158.0,1.0
4078,158.0,1.0
4079,158.75,0.0
4080,158.75,0.0
4081,158.75,4.0
4082,158.75,4.0
4083,158.75,5.0
4084,158.75,5.0
4085,158.75,1.0
4086,158.0,1.0
4087,158.0,0.0
4088,158.75,0.0
4089,157.0,0.0
4090,157.0,0.0
4091,158.0,3.0
4092,158.0,3.0
4093,158.0,1.0
4094,158.0,1.0
4095,158.0,0.0
4096,158.0,0.0
4097,158.75,0.0
4098,158.0,0.0
4099,158.0,1.0
4100,159.5,1.0
4101,158.0,1.0
4102,158.0,1.0
4103,158.0,0.0
4104,158.0,0.0
4105,158.75,0.0
4106,158.75,0.0
4107,158.75,0.0
4108,159.5,0.0
4109,158.0,1.0
4110,158.0,1.0
4111,159.5,0.0
4112,158.75,0.0
4113,158.75,0.0
4114,159.5,0.0
4115,159.5,0.0
4116,159.5,0.0
4117,159.5,0.0
4118,159.5,0.0
4119,159.5,0.0
4120,159.5,0.0
4121,160.5,0.0
4122,160.5,0.0
4123,160.5,0.0
4124,160.5,0.0
4125,160.5,0.0
4126,161.25,0.0
4127,160.5,0.0
4128,160.5,0.0
4129,162.25,0.0
4130,161.25,0.0
4131,161.25,0.0
4132,162.25,0.0
4133,163.0,0.0
4134,161.25,0.0
4135,161.25,0.0
4136,162.25,0.0
4137,162.25,0.0
4138,162.25,0.0
4139,162.25,0.0
4140,162.25,0.0
4141,162.25,0.0
4142,162.25,0.0
4143,162.25,0.0
4144,162.25,0.0
4145,162.25,0.0
4146,161.25,0.0
4147,161.25,0.0
4148,163.0,0.0
4149,161.25,0.0
4150,161.25,0.0
4151,162.25,0.0
4152,161.25,0.0
4153,161.25,0.0
4154,162.25,0.0
4155,161.25,0.0
4156,161.25,0.0
4157,161.25,0.0
4158,162.25,0.0
4159,162.25,0.0
4160,161.25,0.0
4161,160.5,0.0
4162,160.5,0.0
4163,161.25,0.0
4164,161.25,0.0
4165,161.25,0.0
4166,161.25,0.0
4167,160.5,0.0
4168,160.5,0.0
4169,161.25,0.0
4170,161.25,0.0
4171,161.25,0.0
4172,160.5,0.0
4173,161.25,0.0
4174,161.25,0.0
4175,161.25,0.0
4176,161.25,0.0
4177,161.25,0.0
4178,161.25,0.0
4179,160.5,0.0
4180,160.5,0.0
4181,161.25,0.0
4182,160.5,0.0
4183,160.5,0.0
4184,161.25,0.0
4185,161.25,0.0
4186,161.25,0.0
4187,161.25,0.0
4188,160.5,0.0
4189,161.25,0.0
4190,161.25,0.0
4191,161.25,6.0
4192,161.25,6.0
4193,161.25,10.0
4194,158.75,10.0
4195,160.5,12.0
4196,160.5,12.0
4197,161.25,11.0
4198,160.5,11.0
4199,160.5,6.0
4200,161.25,6.0
4201,161.25,0.0
4202,161.25,0.0
4203,161.25,0.0
4204,161.25,0.0
4205,161.25,0.0
4206,161.25,0.0
4207,160.5,0.0
4208,160.5,0.0
4209,159.5,2.0
4210,159.5,2.0
4211,159.5,7.0
4212,161.25,7.0
4213,160.5,11.0
4214,160.5,11.0
4215,159.5,11.0
4216,160.5,11.0
4217,160.5,7.0
4218,159.5,7.0
4219,160.5,1.0
4220,160.5,1.0
4221,160.5,0.0
4222,160.5,0.0
4223,160.5,0.0
4224,160.5,0.0
4225,161.25,0.0
4226,161.25,0.0
4227,160.5,3.0
4228,161.25,3.0
4229,161.25,8.0
4230,161.25,8.0
4231,161.25,11.0
4232,161.25,11.0
4233,159.5,9.0
4234,160.5,9.0
4235,160.5,4.0
4236,160.5,4.0
4237,161.25,0.0
4238,161.25,0.0
4239,158.75,0.0
4240,160.5,0.0
4241,160.5,0.0
4242,160.5,0.0
4243,159.5,0.0
4244,159.5,0.0
4245,160.5,0.0
4246,160.5,0.0
4247,160.5,5.0
4248,159.5,5.0
4249,160.5,11.0
4250,160.5,11.0
4251,160.5,14.0
4252,160.5,14.0
4253,160.5,16.0
4254,161.25,16.0
4255,160.5,18.0
4256,160.5,18.0
4257,161.25,16.0
4258,161.25,16.0
4259,161.25,10.0
4260,160.5,10.0
4261,162.25,5.0
4262,162.25,5.0
4263,161.25,1.0
4264,162.25,1.0
4265,162.25,0.0
4266,161.25,0.0
4267,162.25,0.0
4268,162.25,0.0
4269,160.5,0.0
4270,161.25,0.0
4271,161.25,0.0
4272,162.25,0.0
4273,162.25,4.0
4274,162.25,4.0
4275,161.25,7.0
4276,161.25,7.0
4277,161.25,5.0
4278,161.25,5.0
4279,162.25,6.0
4280,162.25,6.0
4281,162.25,9.0
4282,163.0,9.0
4283,162.25,7.0
4284,162.25,7.0
4285,163.0,5.0
4286,163.0,5.0
4287,163.0,8.0
4288,163.0,8.0
4289,163.0,13.0
4290,164.0,13.0
4291,163.0,15.0
4292,164.0,15.0
4293,164.0,12.0
4294,163.0,12.0
4295,163.0,12.0
4296,163.0,12.0
4297,163.0,16.0
4298,161.25,16.0
4299,161.25,17.0
4300,163.0,17.0
4301,162.25,16.0
4302,162.25,16.0
4303,162.25,14.0
4304,161.25,14.0
4305,161.25,11.0
4306,162.25,11.0
4307,162.25,9.0
4308,162.25,9.0
4309,163.0,9.0
4310,162.25,9.0
4311,162.25,9.0
4312,163.0,9.0
4313,163.0,11.0
4314,164.0,11.0
4315,164.0,13.0
4316,163.0,13.0
4317,164.0,14.0
4318,164.0,14.0
4319,163.0,17.0
4320,163.0,17.0
4321,163.0,20.0
4322,162.25,20.0
4323,163.0,21.0
4324,163.0,21.0
4325,163.0,18.0
4326,162.25,18.0
4327,162.25,14.0
4328,162.25,14.0
4329,162.25,16.0
4330,162.25,16.0
4331,162.25,20.0
4332,162.25,20.0
4333,162.25,19.0
4334,162.25,19.0
4335,163.0,15.0
4336,163.0,15.0
4337,163.0,14.0
4338,163.0,14.0
4339,163.0,17.0
4340,163.0,17.0
4341,163.0,21.0
4342,163.0,21.0
4343,163.0,20.0
4344,163.0,20.0
4345,164.0,17.0
4346,164.0,17.0
4347,163.0,15.0
4348,164.0,15.0
4349,164.0,14.0
4350,164.75,14.0
4351,164.0,17.0
4352,164.0,17.0
4353,164.0,23.0
4354,164.75,23.0
4355,164.75,26.0
4356,164.0,26.0
4357,163.0,24.0
4358,163.0,24.0
4359,164.0,18.0
4360,164.75,18.0
4361,164.0,14.0
4362,164.0,14.0
4363,164.0,14.0
4364,164.0,14.0
4365,164.0,18.0
4366,163.0,18.0
4367,164.0,23.0
4368,164.0,23.0
4369,164.0,25.0
4370,164.75,25.0
4371,164.75,21.0
4372,163.0,21.0
4373,164.0,16.0
4374,164.0,16.0
4375,163.0,13.0
4376,164.0,13.0
4377,164.0,13.0
4378,163.0,13.0
4379,164.75,17.0
4380,164.75,17.0
4381,163.0,21.0
4382,164.0,21.0
4383,164.0,21.0
4384,164.0,21.0
4385,164.0,17.0
4386,164.75,17.0
4387,164.75,14.0
4388,164.0,14.0
4389,164.75,16.0
4390,164.75,16.0
4391,164.75,21.0
4392,164.75,21.0
4393,164.75,23.0
4394,164.0,23.0
4395,164.75,19.0
4396,164.75,19.0
4397,164.75,14.0
4398,164.75,14.0
4399,164.75,11.0
4400,164.0,11.0
4401,165.75,11.0
4402,164.0,11.0
4403,164.0,15.0
4404,165.75,15.0
4405,164.75,20.0
4406,164.75,20.0
4407,164.75,22.0
4408,164.75,22.0
4409,164.75,18.0
4410,165.75,18.0
4411,165.75,12.0
4412,165.75,12.0
4413,165.75,8.0
4414,165.75,8.0
4415,165.75,11.0
4416,165.75,11.0
4417,165.75,17.0
4418,165.75,17.0
4419,165.75,21.0
4420,166.75,21.0
4421,165.75,18.0
4422,165.75,18.0
4423,166.75,12.0
4424,166.75,12.0
4425,166.75,9.0
4426,166.75,9.0
4427,166.75,12.0
4428,166.75,12.0
4429,166.75,19.0
4430,166.75,19.0
4431,166.75,22.0
4432,166.75,22.0
4433,166.75,18.0
4434,166.75,18.0
4435,166.75,12.0
4436,166.75,12.0
4437,166.75,11.0
4438,166.75,11.0
4439,166.75,17.0
4440,166.75,17.0
4441,165.75,23.0
4442,165.75,23.0
4443,166.75,21.0
4444,166.75,21.0
4445,166.75,16.0
4446,166.75,16.0
4447,165.75,13.0
4448,165.75,13.0
4449,165.75,17.0
4450,166.75,17.0
4451,165.75,25.0
4452,165.75,25.0
4453,165.75,27.0
4454,165.75,27.0
4455,165.75,23.0
4456,164.75,23.0
4457,164.0,17.0
4458,164.0,17.0
4459,164.75,16.0
4460,164.75,16.0
4461,164.75,23.0
4462,164.0,23.0
4463,164.0,31.0
4464,164.0,31.0
4465,164.0,36.0
4466,164.75,36.0
4467,164.75,33.0
4468,164.75,33.0
4469,164.0,26.0
4470,164.75,26.0
4471,164.75,20.0
4472,165.75,20.0
4473,164.75,17.0
4474,164.75,17.0
4475,164.75,18.0
4476,165.75,18.0
4477,165.75,26.0
4478,164.75,26.0
4479,164.0,35.0
4480,164.0,35.0
4481,164.0,38.0
4482,164.75,38.0
4483,164.75,40.0
4484,164.0,40.0
4485,163.0,43.0
4486,163.0,43.0
4487,164.0,44.0
4488,164.0,44.0
4489,163.0,38.0
4490,163.0,38.0
4491,163.0,32.0
4492,162.25,32.0
4493,162.25,30.0
4494,162.25,30.0
4495,163.0,34.0
4496,163.0,34.0
4497,162.25,42.0
4498,163.0,42.0
4499,163.0,46.0
4500,162.25,46.0
4501,162.25,41.0
4502,162.25,41.0
4503,163.0,34.0
4504,162.25,34.0
4505,162.25,31.0
4506,162.25,31.0
4507,162.25,33.0
4508,162.25,33.0
4509,162.25,38.0
4510,161.25,38.0
4511,161.25,41.0
4512,162.25,41.0
4513,161.25,39.0
4514,161.25,39.0
4515,161.25,34.0
4516,161.25,34.0
4517,161.25,33.0
4518,160.5,33.0
4519,160.5,36.0
4520,160.5,36.0
4521,160.5,41.0
4522,160.5,41.0
4523,160.5,42.0
4524,161.25,42.0
4525,160.5,37.0
4526,160.5,37.0
4527,160.5,34.0
4528,159.5,34.0
4529,159.5,36.0
4530,161.25,36.0
4531,160.5,40.0
4532,160.5,40.0
4533,159.5,40.0
4534,158.75,40.0
4535,158.75,35.0
4536,158.75,35.0
4537,157.0,33.0
4538,157.0,33.0
4539,158.0,36.0
4540,158.0,36.0
4541,158.0,38.0
4542,158.0,38.0
4543,157.0,36.0
4544,157.0,36.0
4545,158.0,32.0
4546,157.0,32.0
4547,157.0,34.0
4548,158.0,34.0
4549,157.0,38.0
4550,157.0,38.0
4551,158.75,39.0
4552,158.0,39.0
4553,158.0,35.0
4554,156.25,35.0
4555,158.75,34.0
4556,158.75,34.0
4557,155.5,37.0
4558,153.75,37.0
4559,153.75,39.0
4560,155.5,39.0
4561,155.5,37.0
4562,156.25,37.0
4563,154.75,36.0
4564,154.75,36.0
4565,155.5,40.0
4566,156.25,40.0
4567,156.25,42.0
4568,155.5,42.0
4569,155.5,38.0
4570,155.5,38.0
4571,157.0,33.0
4572,155.5,33.0
4573,155.5,37.0
4574,156.25,37.0
4575,156.25,42.0
4576,156.25,42.0
4577,156.25,39.0
4578,156.25,39.0
4579,157.0,34.0
4580,156.25,34.0
4581,156.25,36.0
4582,155.5,36.0
4583,155.5,39.0
4584,155.5,39.0
4585,155.5,38.0
4586,155.5,38.0
4587,155.5,32.0
4588,153.0,32.0
4589,153.0,31.0
4590,153.0,31.0
4591,154.75,36.0
4592,152.25,36.0
4593,152.25,36.0
4594,150.0,36.0
4595,150.0,30.0
4596,150.0,30.0
4597,153.0,29.0
4598,153.0,29.0
4599,150.0,33.0
4600,152.25,33.0
4601,152.25,33.0
4602,151.5,33.0
4603,151.5,28.0
4604,152.25,28.0
4605,153.0,24.0
4606,153.0,24.0
4607,149.25,27.0
4608,150.75,27.0
4609,150.75,30.0
4610,147.75,30.0
4611,147.75,27.0
4612,151.5,27.0
4613,150.0,22.0
4614,150.0,22.0
4615,150.75,22.0
4616,151.5,22.0
4617,151.5,25.0
4618,152.25,25.0
4619,152.25,26.0
4620,152.25,26.0
4621,153.0,21.0
4622,153.0,21.0
4623,152.25,20.0
4624,150.75,20.0
4625,150.75,23.0
4626,151.5,23.0
4627,152.25,25.0
4628,152.25,25.0
4629,150.75,21.0
4630,150.75,21.0
4631,153.75,18.0
4632,150.75,18.0
4633,150.75,22.0
4634,151.5,22.0
4635,153.75,26.0
4636,153.75,26.0
4637,153.75,22.0
4638,153.0,22.0
4639,153.0,18.0
4640,153.75,18.0
4641,153.75,20.0
4642,153.0,20.0
4643,154.75,24.0
4644,154.75,24.0
4645,153.0,21.0
4646,153.75,21.0
4647,153.75,17.0
4648,153.75,17.0
4649,153.0,17.0
4650,153.0,17.0
4651,153.75,22.0
4652,153.75,22.0
4653,153.75,22.0
4654,153.75,22.0
4655,153.75,21.0
4656,154.75,21.0
4657,154.75,26.0
4658,154.75,26.0
4659,154.75,33.0
4660,155.5,33.0
4661,155.5,36.0
4662,155.5,36.0
4663,157.0,33.0
4664,157.0,33.0
4665,156.25,28.0
4666,156.25,28.0
4667,156.25,27.0
4668,155.5,27.0
4669,155.5,28.0
4670,156.25,28.0
4671,153.75,28.0
4672,153.75,28.0
4673,152.25,25.0
4674,153.0,25.0
4675,153.0,22.0
4676,150.75,22.0
4677,151.5,23.0
4678,151.5,23.0
4679,150.0,27.0
4680,150.0,27.0
4681,151.5,27.0
4682,151.5,27.0
4683,151.5,24.0
4684,152.25,24.0
4685,150.75,23.0
4686,150.75,23.0
4687,153.0,25.0
4688,153.0,25.0
4689,153.0,28.0
4690,153.75,28.0
4691,153.75,28.0
4692,153.75,28.0
4693,155.5,25.0
4694,155.5,25.0
4695,155.5,21.0
4696,155.5,21.0
4697,155.5,19.0
4698,154.75,19.0
4699,156.25,19.0
4700,156.25,19.0
4701,156.25,19.0
4702,154.75,19.0
4703,154.75,21.0
4704,153.75,21.0
4705,155.5,26.0
4706,155.5,26.0
4707,154.75,29.0
4708,154.75,29.0
4709,152.25,25.0
4710,152.25,25.0
4711,152.25,20.0
4712,152.25,20.0
4713,152.25,19.0
4714,153.0,19.0
4715,153.75,19.0
4716,154.75,19.0
4717,154.75,21.0
4718,154.75,21.0
4719,155.5,22.0
4720,155.5,22.0
4721,156.25,20.0
4722,156.25,20.0
4723,155.5,18.0
4724,155.5,18.0
4725,155.5,18.0
4726,156.25,18.0
4727,156.25,20.0
4728,156.25,20.0
4729,156.25,22.0
4730,157.0,22.0
4731,157.0,21.0
4732,158.0,21.0
4733,158.0,18.0
4734,158.0,18.0
4735,157.0,18.0
4736,158.0,18.0
4737,158.0,19.0
4738,158.75,19.0
4739,158.75,22.0
4740,158.75,22.0
4741,158.75,22.0
4742,158.0,22.0
4743,158.0,19.0
4744,158.75,19.0
4745,159.5,17.0
4746,159.5,17.0
4747,159.5,18.0
4748,158.75,18.0
4749,158.75,21.0
4750,160.5,21.0
4751,159.5,25.0
4752,159.5,25.0
4753,159.5,28.0
4754,159.5,28.0
4755,159.5,27.0
4756,160.5,27.0
4757,158.75,21.0
4758,158.75,21.0
4759,160.5,16.0
4760,159.5,16.0
4761,159.5,15.0
4762,160.5,15.0
4763,160.5,17.0
4764,160.5,17.0
4765,160.5,19.0
4766,160.5,19.0
4767,160.5,18.0
4768,160.5,18.0
4769,161.25,18.0
4770,161.25,18.0
4771,161.25,24.0
4772,161.25,24.0
4773,161.25,31.0
4774,160.5,31.0
4775,162.25,33.0
4776,162.25,33.0
4777,161.25,30.0
4778,161.25,30.0
4779,161.25,24.0
4780,160.5,24.0
4781,162.25,20.0
4782,162.25,20.0
4783,160.5,18.0
4784,161.25,18.0
4785,161.25,19.0
4786,161.25,19.0
4787,161.25,22.0
4788,161.25,22.0
4789,160.5,28.0
4790,160.5,28.0
4791,160.5,34.0
4792,160.5,34.0
4793,161.25,37.0
4794,161.25,37.0
4795,160.5,36.0
4796,160.5,36.0
4797,160.5,30.0
4798,160.5,30.0
4799,160.5,25.0
4800,160.5,25.0
4801,161.25,23.0
4802,160.5,23.0
4803,160.5,22.0
4804,161.25,22.0
4805,161.25,22.0
4806,161.25,22.0
4807,161.25,25.0
4808,161.25,25.0
4809,161.25,32.0
4810,162.25,32.0
4811,161.25,39.0
4812,161.25,39.0
4813,163.0,44.0
4814,162.25,44.0
4815,162.25,45.0
4816,162.25,45.0
4817,162.25,41.0
4818,162.25,41.0
4819,161.25,34.0
4820,162.25,34.0
4821,161.25,30.0
4822,161.25,30.0
4823,161.25,29.0
4824,163.0,29.0
4825,163.0,32.0
4826,159.5,32.0
4827,161.25,38.0
4828,161.25,38.0
4829,160.5,44.0
4830,161.25,44.0
4831,161.25,50.0
4832,158.75,50.0
4833,160.5,56.0
4834,160.5,56.0
4835,159.5,58.0
4836,159.5,58.0
4837,159.5,53.0
4838,159.5,53.0
4839,158.0,44.0
4840,158.0,44.0
4841,159.5,37.0
4842,158.75,37.0
4843,158.75,35.0
4844,159.5,35.0
4845,159.5,40.0
4846,159.5,40.0
4847,159.5,47.0
4848,160.5,47.0
4849,160.5,49.0
4850,158.0,49.0
4851,158.0,44.0
4852,158.75,44.0
4853,158.0,38.0
4854,158.0,38.0
4855,158.75,37.0
4856,158.0,37.0
4857,158.0,42.0
4858,157.0,42.0
4859,155.5,45.0
4860,155.5,45.0
4861,156.25,42.0
4862,157.0,42.0
4863,157.0,38.0
4864,155.5,38.0
4865,154.75,37.0
4866,154.75,37.0
4867,155.5,40.0
4868,156.25,40.0
4869,156.25,43.0
4870,154.75,43.0
4871,154.75,41.0
4872,154.75,41.0
4873,155.5,36.0
4874,155.5,36.0
4875,155.5,35.0
4876,156.25,35.0
4877,156.25,38.0
4878,155.5,38.0
4879,156.25,42.0
4880,156.25,42.0
4881,154.75,40.0
4882,155.5,40.0
4883,155.5,35.0
4884,154.75,35.0
4885,155.5,33.0
4886,155.5,33.0
4887,154.75,35.0
4888,155.5,35.0
4889,155.5,37.0
4890,153.75,37.0
4891,153.75,35.0
4892,153.0,35.0
4893,154.75,30.0
4894,154.75,30.0
4895,153.0,30.0
4896,154.75,30.0
4897,154.75,33.0
4898,154.75,33.0
4899,153.75,33.0
4900,153.75,33.0
4901,153.0,29.0
4902,153.0,29.0
4903,153.75,25.0
4904,153.0,25.0
4905,153.0,26.0
4906,154.75,26.0
4907,152.25,30.0
4908,152.25,30.0
4909,153.75,31.0
4910,153.75,31.0
4911,153.75,26.0
4912,151.5,26.0
4913,154.75,23.0
4914,154.75,23.0
4915,153.75,24.0
4916,153.75,24.0
4917,153.75,28.0
4918,155.5,28.0
4919,155.5,27.0
4920,155.5,27.0
4921,154.75,22.0
4922,154.75,22.0
4923,155.5,21.0
4924,156.25,21.0
4925,156.25,23.0
4926,157.0,23.0
4927,156.25,27.0
4928,156.25,27.0
4929,157.0,28.0
4930,157.0,28.0
4931,157.0,24.0
4932,157.0,24.0
4933,158.0,20.0
4934,158.0,20.0
4935,158.0,21.0
4936,158.0,21.0
4937,158.0,24.0
4938,158.75,24.0
4939,158.75,27.0
4940,158.75,27.0
4941,158.0,24.0
4942,158.0,24.0
4943,158.0,20.0
4944,158.75,20.0
4945,158.75,18.0
4946,158.75,18.0
4947,158.0,20.0
4948,158.0,20.0
4949,158.0,23.0
4950,158.0,23.0
4951,158.0,24.0
4952,158.0,24.0
4953,156.25,20.0
4954,156.25,20.0
4955,158.0,16.0
4956,157.0,16.0
4957,157.0,15.0
4958,158.0,15.0
4959,158.0,17.0
4960,158.0,17.0
4961,157.0,21.0
4962,158.0,21.0
4963,158.0,22.0
4964,158.75,22.0
4965,158.0,18.0
4966,158.0,18.0
4967,158.75,14.0
4968,158.75,14.0
4969,158.75,14.0
4970,159.5,14.0
4971,159.5,18.0
4972,159.5,18.0
4973,159.5,20.0
4974,158.75,20.0
4975,158.75,17.0
4976,159.5,17.0
4977,160.5,14.0
4978,160.5,14.0
4979,158.75,12.0
4980,159.5,12.0
4981,159.5,12.0
4982,159.5,12.0
4983,158.75,11.0
4984,158.75,11.0
4985,160.5,13.0
4986,159.5,13.0
4987,159.5,17.0
4988,159.5,17.0
4989,159.5,20.0
4990,159.5,20.0
4991,160.5,18.0
4992,159.5,18.0
4993,159.5,14.0
4994,160.5,14.0
4995,160.5,11.0
4996,160.5,11.0
4997,160.5,11.0
4998,160.5,11.0
4999,160.5,11.0
5000,161.25,11.0
5001,161.25,10.0
5002,161.25,10.0
5003,162.25,10.0
5004,161.25,10.0
5005,161.25,10.0
5006,162.25,10.0
5007,162.25,11.0
5008,162.25,11.0
5009,162.25,13.0
5010,162.25,13.0
5011,162.25,20.0
5012,163.0,20.0
5013,162.25,27.0
5014,162.25,27.0
5015,162.25,33.0
5016,162.25,33.0
5017,162.25,35.0
5018,162.25,35.0
5019,162.25,32.0
5020,162.25,32.0
5021,163.0,25.0
5022,162.25,25.0
5023,162.25,18.0
5024,162.25,18.0
5025,162.25,13.0
5026,162.25,13.0
5027,163.0,10.0
5028,162.25,10.0
5029,162.25,9.0
5030,162.25,9.0
5031,163.0,10.0
5032,163.0,10.0
5033,162.25,11.0
5034,162.25,11.0
5035,162.25,16.0
5036,162.25,16.0
5037,162.25,22.0
5038,161.25,22.0
5039,161.25,25.0
5040,162.25,25.0
5041,161.25,24.0
5042,161.25,24.0
5043,161.25,21.0
5044,163.0,21.0
5045,163.0,18.0
5046,161.25,18.0
5047,162.25,13.0
5048,162.25,13.0
5049,161.25,11.0
5050,162.25,11.0
5051,162.25,9.0
5052,163.0,9.0
5053,162.25,9.0
5054,162.25,9.0
5055,163.0,10.0
5056,162.25,10.0
5057,162.25,15.0
5058,162.25,15.0
5059,163.0,21.0
5060,163.0,21.0
5061,163.0,26.0
5062,162.25,26.0
5063,162.25,28.0
5064,163.0,28.0
5065,162.25,24.0
5066,162.25,24.0
5067,163.0,17.0
5068,163.0,17.0
5069,162.25,11.0
5070,162.25,11.0
5071,163.0,9.0
5072,163.0,9.0
5073,163.0,9.0
5074,163.0,9.0
5075,164.0,11.0
5076,164.0,11.0
5077,163.0,15.0
5078,164.0,15.0
5079,164.0,21.0
5080,164.75,21.0
5081,164.75,23.0
5082,163.0,23.0
5083,164.0,18.0
5084,164.0,18.0
5085,164.0,13.0
5086,164.0,13.0
5087,164.75,11.0
5088,164.75,11.0
5089,164.0,11.0
5090,164.0,11.0
5091,164.75,10.0
5092,164.75,10.0
5093,164.0,12.0
5094,164.75,12.0
5095,164.75,16.0
5096,164.0,16.0
5097,164.75,21.0
5098,164.75,21.0
5099,164.0,22.0
5100,164.0,22.0
5101,164.0,18.0
5102,164.75,18.0
5103,164.0,13.0
5104,164.0,13.0
5105,164.75,10.0
5106,164.75,10.0
5107,164.75,10.0
5108,164.75,10.0
5109,164.75,10.0
5110,165.75,10.0
5111,165.75,12.0
5112,164.75,12.0
5113,164.75,17.0
5114,164.75,17.0
5115,165.75,22.0
5116,164.75,22.0
5117,164.75,24.0
5118,165.75,24.0
5119,164.75,19.0
5120,164.75,19.0
5121,164.75,13.0
5122,165.75,13.0
5123,164.75,10.0
5124,164.75,10.0
5125,165.75,10.0
5126,164.75,10.0
5127,164.75,10.0
5128,164.75,10.0
5129,164.75,13.0
5130,165.75,13.0
5131,164.75,18.0
5132,164.75,18.0
5133,164.75,22.0
5134,164.75,22.0
5135,165.75,20.0
5136,165.75,20.0
5137,164.75,15.0
5138,164.75,15.0
5139,165.75,11.0
5140,165.75,11.0
5141,165.75,11.0
5142,165.75,11.0
5143,165.75,11.0
5144,165.75,11.0
5145,165.75,13.0
5146,165.75,13.0
5147,166.75,17.0
5148,165.75,17.0
5149,165.75,21.0
5150,166.75,21.0
5151,165.75,22.0
5152,166.75,22.0
5153,166.75,17.0
5154,165.75,17.0
5155,166.75,13.0
5156,166.75,13.0
5157,165.75,11.0
5158,166.75,11.0
5159,166.75,11.0
5160,166.75,11.0
5161,165.75,14.0
5162,165.75,14.0
5163,166.75,19.0
5164,165.75,19.0
5165,165.75,23.0
5166,165.75,23.0
5167,165.75,23.0
5168,165.75,23.0
5169,165.75,19.0
5170,164.75,19.0
5171,165.75,16.0
5172,165.75,16.0
5173,164.75,15.0
5174,165.75,15.0
5175,165.75,18.0
5176,164.75,18.0
5177,164.75,22.0
5178,164.75,22.0
5179,165.75,24.0
5180,164.75,24.0
5181,165.75,21.0
5182,165.75,21.0
5183,165.75,19.0
5184,165.75,19.0
5185,165.75,20.0
5186,165.75,20.0
5187,165.75,23.0
5188,165.75,23.0
5189,165.75,29.0
5190,165.75,29.0
5191,165.75,33.0
5192,166.75,33.0
5193,166.75,31.0
5194,166.75,31.0
5195,166.75,27.0
5196,166.75,27.0
5197,166.75,26.0
5198,166.75,26.0
5199,166.75,28.0
5200,166.75,28.0
5201,166.75,33.0
5202,166.75,33.0
5203,166.75,36.0
5204,166.75,36.0
5205,165.75,34.0
5206,165.75,34.0
5207,165.75,32.0
5208,165.75,32.0
5209,164.75,33.0
5210,164.75,33.0
5211,164.75,36.0
5212,164.0,36.0
5213,163.0,41.0
5214,163.0,41.0
5215,164.0,45.0
5216,164.0,45.0
5217,164.0,48.0
5218,164.0,48.0
5219,163.0,48.0
5220,163.0,48.0
5221,163.0,44.0
5222,164.0,44.0
5223,164.0,41.0
5224,164.0,41.0
5225,163.0,44.0
5226,164.0,44.0
5227,164.0,48.0
5228,164.0,48.0
5229,164.75,50.0
5230,164.75,50.0
5231,164.0,48.0
5232,164.75,48.0
5233,164.75,44.0
5234,163.0,44.0
5235,164.0,42.0
5236,164.0,42.0
5237,164.0,44.0
5238,163.0,44.0
5239,163.0,47.0
5240,163.0,47.0
5241,162.25,47.0
5242,162.25,47.0
5243,159.5,44.0
5244,159.5,44.0
5245,159.5,40.0
5246,156.25,40.0
5247,158.75,40.0
5248,158.75,40.0
5249,158.0,43.0
5250,158.0,43.0
5251,158.0,45.0
5252,157.0,45.0
5253,158.0,42.0
5254,158.0,42.0
5255,156.25,42.0
5256,157.0,42.0
5257,157.0,44.0
5258,155.5,44.0
5259,156.25,43.0
5260,156.25,43.0
5261,156.25,44.0
5262,156.25,44.0
5263,155.5,44.0
5264,155.5,44.0
5265,155.5,42.0
5266,154.75,42.0
5267,155.5,42.0
5268,155.5,42.0
5269,153.0,41.0
5270,153.0,41.0
5271,153.0,41.0
5272,153.0,41.0
5273,153.75,42.0
5274,153.75,42.0
5275,154.75,40.0
5276,154.75,40.0
5277,152.25,40.0
5278,151.5,40.0
5279,151.5,41.0
5280,150.75,41.0
5281,152.25,39.0
5282,152.25,39.0
5283,150.0,38.0
5284,150.0,38.0
5285,150.75,39.0
5286,151.5,39.0
5287,151.5,37.0
5288,152.25,37.0
5289,152.25,38.0
5290,152.25,38.0
5291,150.75,39.0
5292,153.75,39.0
5293,153.75,35.0
5294,153.75,35.0
5295,153.75,34.0
5296,154.75,34.0
5297,154.75,34.0
5298,154.75,34.0
5299,153.75,31.0
5300,154.75,31.0
5301,154.75,31.0
5302,154.75,31.0
5303,153.75,30.0
5304,153.75,30.0
5305,153.0,27.0
5306,154.75,27.0
5307,154.75,27.0
5308,152.25,27.0
5309,152.25,27.0
5310,151.5,27.0
5311,153.0,24.0
5312,153.0,24.0
5313,153.0,24.0
5314,153.75,24.0
5315,153.75,24.0
5316,153.0,24.0
5317,153.0,22.0
5318,153.0,22.0
5319,153.75,22.0
5320,153.75,22.0
5321,154.75,23.0
5322,153.0,23.0
5323,153.0,21.0
5324,155.5,21.0
5325,154.75,21.0
5326,154.75,21.0
5327,154.75,20.0
5328,154.75,20.0
5329,154.75,19.0
5330,155.5,19.0
5331,152.25,20.0
5332,152.25,20.0
5333,153.0,19.0
5334,153.0,19.0
5335,154.75,18.0
5336,153.75,18.0
5337,153.75,19.0
5338,152.25,19.0
5339,153.75,18.0
5340,153.75,18.0
5341,153.75,18.0
5342,154.75,18.0
5343,154.75,19.0
5344,154.75,19.0
5345,154.75,18.0
5346,154.75,18.0
5347,155.5,18.0
5348,155.5,18.0
5349,154.75,19.0
5350,154.75,19.0
5351,154.75,16.0
5352,156.25,16.0
5353,156.25,17.0
5354,156.25,17.0
5355,156.25,18.0
5356,157.0,18.0
5357,157.0,16.0
5358,156.25,16.0
5359,156.25,16.0
5360,156.25,16.0
5361,157.0,16.0
5362,158.0,16.0
5363,158.0,13.0
5364,157.0,13.0
5365,158.0,11.0
5366,158.0,11.0
5367,158.0,14.0
5368,157.0,14.0
5369,157.0,21.0
5370,158.0,21.0
5371,158.0,25.0
5372,158.0,25.0
5373,158.0,24.0
5374,158.75,24.0
5375,158.75,19.0
5376,158.0,19.0
5377,158.0,13.0
5378,158.75,13.0
5379,158.0,10.0
5380,158.0,10.0
5381,158.75,10.0
5382,158.75,10.0
5383,158.75,12.0
5384,158.75,12.0
5385,159.5,17.0
5386,159.5,17.0
5387,158.75,20.0
5388,159.5,20.0
5389,159.5,19.0
5390,158.75,19.0
5391,160.5,14.0
5392,160.5,14.0
5393,159.5,10.0
5394,160.5,10.0
5395,160.5,10.0
5396,159.5,10.0
5397,160.5,13.0
5398,160.5,13.0
5399,160.5,18.0
5400,160.5,18.0
5401,160.5,20.0
5402,160.5,20.0
5403,161.25,18.0
5404,161.25,18.0
5405,160.5,13.0
5406,161.25,13.0
5407,161.25,10.0
5408,159.5,10.0
5409,159.5,9.0
5410,159.5,9.0
5411,160.5,9.0
5412,160.5,9.0
5413,160.5,8.0
5414,160.5,8.0
5415,159.5,9.0
5416,159.5,9.0
5417,159.5,13.0
5418,159.5,13.0
5419,159.5,17.0
5420,158.75,17.0
5421,159.5,20.0
5422,159.5,20.0
5423,159.5,18.0
5424,159.5,18.0
5425,159.5,13.0
5426,159.5,13.0
5427,159.5,10.0
5428,159.5,10.0
5429,160.5,9.0
5430,159.5,9.0
5431,159.5,11.0
5432,160.5,11.0
5433,160.5,15.0
5434,160.5,15.0
5435,160.5,20.0
5436,160.5,20.0
5437,160.5,22.0
5438,160.5,22.0
5439,160.5,19.0
5440,160.5,19.0
5441,161.25,14.0
5442,160.5,14.0
5443,160.5,10.0
5444,161.25,10.0
5445,160.5,9.0
5446,160.5,9.0
5447,161.25,9.0
5448,161.25,9.0
5449,161.25,11.0
5450,161.25,11.0
5451,161.25,16.0
5452,161.25,16.0
5453,160.5,20.0
5454,162.25,20.0
5455,161.25,20.0
5456,161.25,20.0
5457,161.25,16.0
5458,162.25,16.0
5459,162.25,11.0
5460,162.25,11.0
5461,162.25,9.0
5462,162.25,9.0
5463,162.25,9.0
5464,162.25,9.0
5465,162.25,10.0
5466,163.0,10.0
5467,162.25,15.0
5468,162.25,15.0
5469,163.0,19.0
5470,163.0,19.0
5471,163.0,20.0
5472,163.0,20.0
5473,164.0,16.0
5474,164.0,16.0
5475,163.0,11.0
5476,164.0,11.0
5477,164.0,9.0
5478,163.0,9.0
5479,164.0,9.0
5480,164.0,9.0
5481,164.0,13.0
5482,164.75,13.0
5483,164.0,19.0
5484,164.0,19.0
5485,164.75,22.0
5486,164.0,22.0
5487,164.0,20.0
5488,164.75,20.0
5489,164.75,15.0
5490,164.75,15.0
5491,165.75,10.0
5492,164.75,10.0
5493,164.75,9.0
5494,164.75,9.0
5495,165.75,10.0
5496,165.75,10.0
5497,165.75,15.0
5498,164.75,15.0
5499,165.75,18.0
5500,165.75,18.0
5501,166.75,19.0
5502,165.75,19.0
5503,165.75,23.0
5504,165.75,23.0
5505,165.75,28.0
5506,165.75,28.0
5507,166.75,29.0
5508,165.75,29.0
5509,165.75,27.0
5510,166.75,27.0
5511,165.75,22.0
5512,164.75,22.0
5513,164.75,18.0
5514,163.0,18.0
5515,163.0,18.0
5516,163.0,18.0
5517,164.75,24.0
5518,164.0,24.0
5519,164.0,29.0
5520,163.0,29.0
5521,164.0,26.0
5522,164.0,26.0
5523,163.0,20.0
5524,164.0,20.0
5525,164.0,15.0
5526,163.0,15.0
5527,164.0,13.0
5528,164.0,13.0
5529,163.0,16.0
5530,163.0,16.0
5531,163.0,21.0
5532,164.0,21.0
5533,164.0,26.0
5534,163.0,26.0
5535,163.0,27.0
5536,164.0,27.0
5537,164.0,22.0
5538,164.0,22.0
5539,164.0,16.0
5540,163.0,16.0
5541,163.0,13.0
5542,164.75,13.0
5543,164.0,13.0
5544,164.0,13.0
5545,164.0,16.0
5546,164.75,16.0
5547,164.75,22.0
5548,164.75,22.0
5549,164.0,26.0
5550,164.0,26.0
5551,164.0,25.0
5552,164.75,25.0
5553,164.0,19.0
5554,164.0,19.0
5555,164.0,14.0
5556,164.0,14.0
5557,164.0,13.0
5558,164.0,13.0
5559,164.75,13.0
5560,164.75,13.0
5561,164.0,14.0
5562,164.75,14.0
5563,164.75,19.0
5564,164.75,19.0
5565,164.0,25.0
5566,164.0,25.0
5567,164.75,27.0
5568,164.75,27.0
5569,164.75,24.0
5570,165.75,24.0
5571,164.75,19.0
5572,165.75,19.0
5573,165.75,14.0
5574,165.75,14.0
5575,165.75,13.0
5576,165.75,13.0
5577,165.75,13.0
5578,164.75,13.0
5579,164.75,15.0
5580,166.75,15.0
5581,164.75,19.0
5582,164.75,19.0
5583,165.75,23.0
5584,165.75,23.0
5585,164.75,24.0
5586,164.75,24.0
5587,165.75,21.0
5588,165.75,21.0
5589,165.75,16.0
5590,164.75,16.0
5591,165.75,13.0
5592,165.75,13.0
5593,164.75,13.0
5594,164.75,13.0
5595,164.75,15.0
5596,165.75,15.0
5597,164.75,19.0
5598,164.75,19.0
5599,165.75,23.0
5600,165.75,23.0
5601,165.75,25.0
5602,165.75,25.0
5603,165.75,22.0
5604,165.75,22.0
5605,165.75,17.0
5606,165.75,17.0
5607,165.75,14.0
5608,165.75,14.0
5609,166.75,13.0
5610,165.75,13.0
5611,165.75,13.0
5612,165.75,13.0
5613,166.75,15.0
5614,165.75,15.0
5615,165.75,20.0
5616,166.75,20.0
5617,165.75,21.0
5618,165.75,21.0
5619,165.75,17.0
5620,166.75,17.0
5621,166.75,13.0
5622,165.75,13.0
5623,166.75,12.0
5624,166.75,12.0
5625,165.75,15.0
5626,166.75,15.0
5627,165.75,20.0
5628,165.75,20.0
5629,166.75,22.0
5630,165.75,22.0
5631,165.75,19.0
5632,166.75,19.0
5633,166.75,14.0
5634,166.75,14.0
5635,166.75,12.0
5636,165.75,12.0
5637,165.75,13.0
5638,166.75,13.0
5639,165.75,17.0
5640,166.75,17.0
5641,166.75,22.0
5642,165.75,22.0
5643,166.75,25.0
5644,166.75,25.0
5645,165.75,22.0
5646,165.75,22.0
5647,165.75,16.0
5648,165.75,16.0
5649,164.75,13.0
5650,164.75,13.0
5651,165.75,15.0
5652,165.75,15.0
5653,164.0,21.0
5654,164.0,21.0
5655,164.75,29.0
5656,164.75,29.0
5657,164.75,31.0
5658,164.75,31.0
5659,164.75,26.0
5660,164.75,26.0
5661,164.75,18.0
5662,164.75,18.0
5663,164.75,13.0
5664,165.75,13.0
5665,164.75,13.0
5666,164.75,13.0
5667,165.75,18.0
5668,164.75,18.0
5669,165.75,27.0
5670,165.75,27.0
5671,165.75,35.0
5672,165.75,35.0
5673,165.75,39.0
5674,165.75,39.0
5675,165.75,39.0
5676,165.75,39.0
5677,165.75,34.0
5678,165.75,34.0
5679,165.75,26.0
5680,166.75,26.0
5681,165.75,20.0
5682,165.75,20.0
5683,165.75,15.0
5684,166.75,15.0
5685,166.75,12.0
5686,166.75,12.0
5687,165.75,11.0
5688,166.75,11.0
5689,166.75,11.0
5690,165.75,11.0
5691,166.75,14.0
5692,166.75,14.0
5693,166.75,20.0
5694,166.75,20.0
5695,165.75,27.0
5696,165.75,27.0
5697,166.75,32.0
5698,165.75,32.0
5699,165.75,35.0
5700,166.75,35.0
5701,166.75,37.0
5702,166.75,37.0
5703,165.75,36.0
5704,166.75,36.0
5705,166.75,31.0
5706,166.75,31.0
5707,165.75,24.0
5708,166.75,24.0
5709,166.75,17.0
5710,165.75,17.0
5711,166.75,14.0
5712,166.75,14.0
5713,165.75,13.0
5714,165.75,13.0
5715,165.75,13.0
5716,165.75,13.0
5717,165.75,13.0
5718,165.75,13.0
5719,165.75,15.0
5720,166.75,15.0
5721,165.75,21.0
5722,165.75,21.0
5723,165.75,26.0
5724,165.75,26.0
5725,165.75,29.0
5726,165.75,29.0
5727,165.75,30.0
5728,165.75,30.0
5729,165.75,30.0
5730,165.75,30.0
5731,165.75,27.0
5732,165.75,27.0
5733,164.75,22.0
5734,164.75,22.0
5735,165.75,16.0
5736,165.75,16.0
5737,165.75,13.0
5738,165.75,13.0
5739,164.75,12.0
5740,165.75,12.0
5741,165.75,12.0
5742,164.75,12.0
5743,165.75,12.0
5744,165.75,12.0
5745,164.75,12.0
5746,165.75,12.0
5747,165.75,13.0
5748,164.75,13.0
5749,164.75,15.0
5750,165.75,15.0
5751,165.75,20.0
5752,164.75,20.0
5753,164.75,25.0
5754,164.75,25.0
5755,164.75,27.0
5756,165.75,27.0
5757,165.75,28.0
5758,164.75,28.0
5759,165.75,28.0
5760,165.75,28.0
5761,164.75,24.0
5762,165.75,24.0
5763,165.75,19.0
5764,165.75,19.0
5765,165.75,14.0
5766,165.75,14.0
5767,165.75,12.0
5768,165.75,12.0
5769,165.75,12.0
5770,165.75,12.0
5771,165.75,11.0
5772,165.75,11.0
5773,165.75,11.0
5774,165.75,11.0
5775,165.75,11.0
5776,165.75,11.0
5777,166.75,12.0
5778,165.75,12.0
5779,166.75,15.0
5780,166.75,15.0
5781,165.75,19.0
5782,166.75,19.0
5783,166.75,22.0
5784,166.75,22.0
5785,165.75,25.0
5786,165.75,25.0
5787,166.75,27.0
5788,165.75,27.0
5789,165.75,27.0
5790,166.75,27.0
5791,166.75,22.0
5792,165.75,22.0
5793,165.75,17.0
5794,165.75,17.0
5795,165.75,13.0
5796,165.75,13.0
5797,166.75,11.0
5798,165.75,11.0
5799,165.75,11.0
5800,165.75,11.0
5801,164.0,11.0
5802,164.0,11.0
5803,164.75,11.0
5804,164.75,11.0
5805,164.75,11.0
5806,164.75,11.0
5807,165.75,14.0
5808,164.75,14.0
5809,164.75,20.0
5810,164.75,20.0
5811,164.75,26.0
5812,164.75,26.0
5813,164.75,30.0
5814,165.75,30.0
5815,165.75,32.0
5816,164.75,32.0
5817,166.75,33.0
5818,166.75,33.0
5819,165.75,30.0
5820,165.75,30.0
5821,165.75,24.0
5822,165.75,24.0
5823,165.75,18.0
5824,165.75,18.0
5825,165.75,15.0
5826,165.75,15.0
5827,165.75,14.0
5828,165.75,14.0
5829,165.75,15.0
5830,165.75,15.0
5831,165.75,15.0
5832,165.75,15.0
5833,165.75,15.0
5834,165.75,15.0
5835,165.75,16.0
5836,164.75,16.0
5837,164.75,21.0
5838,164.75,21.0
5839,164.75,27.0
5840,165.75,27.0
5841,165.75,32.0
5842,164.0,32.0
5843,164.75,34.0
5844,164.75,34.0
5845,164.75,36.0
5846,164.75,36.0
5847,164.0,35.0
5848,164.75,35.0
5849,164.75,31.0
5850,164.75,31.0
5851,164.75,26.0
5852,164.75,26.0
5853,165.75,22.0
5854,165.75,22.0
5855,165.75,20.0
5856,165.75,20.0
5857,165.75,20.0
5858,165.75,20.0
5859,164.75,21.0
5860,164.75,21.0
5861,164.75,23.0
5862,164.75,23.0
5863,164.75,28.0
5864,165.75,28.0
5865,164.0,36.0
5866,164.0,36.0
5867,164.75,40.0
5868,164.75,40.0
5869,164.0,41.0
5870,164.0,41.0
5871,164.75,44.0
5872,163.0,44.0
5873,163.0,48.0
5874,163.0,48.0
5875,164.75,49.0
5876,164.75,49.0
5877,163.0,45.0
5878,162.25,45.0
5879,162.25,42.0
5880,164.0,42.0
5881,164.0,45.0
5882,164.0,45.0
5883,163.0,50.0
5884,163.0,50.0
5885,163.0,53.0
5886,163.0,53.0
5887,163.0,52.0
5888,163.0,52.0
5889,164.0,52.0
5890,162.25,52.0
5891,162.25,54.0
5892,161.25,54.0
5893,162.25,55.0
5894,162.25,55.0
5895,162.25,55.0
5896,161.25,55.0
5897,158.75,54.0
5898,158.75,54.0
5899,160.5,54.0
5900,159.5,54.0
5901,159.5,56.0
5902,159.5,56.0
5903,159.5,57.0
5904,159.5,57.0
5905,158.75,57.0
5906,159.5,57.0
5907,159.5,59.0
5908,156.25,59.0
5909,156.25,59.0
5910,156.25,59.0
5911,156.25,55.0
5912,156.25,55.0
5913,154.75,53.0
5914,155.5,53.0
5915,155.5,53.0
5916,155.5,53.0
5917,155.5,54.0
5918,155.5,54.0
5919,154.75,56.0
5920,153.0,56.0
5921,153.0,54.0
5922,154.75,54.0
5923,154.75,53.0
5924,153.75,53.0
5925,154.75,54.0
5926,154.75,54.0
5927,154.75,55.0
5928,154.75,55.0
5929,154.75,55.0
5930,156.25,55.0
5931,154.75,54.0
5932,154.75,54.0
5933,156.25,54.0
5934,155.5,54.0
5935,155.5,54.0
5936,154.75,54.0
5937,154.75,54.0
5938,154.75,54.0
5939,155.5,55.0
5940,155.5,55.0
5941,153.75,56.0
5942,154.75,56.0
5943,154.75,57.0
5944,154.75,57.0
5945,155.5,58.0
5946,155.5,58.0
5947,155.5,58.0
5948,155.5,58.0
5949,155.5,57.0
5950,156.25,57.0
5951,156.25,56.0
5952,156.25,56.0
5953,156.25,55.0
5954,155.5,55.0
5955,155.5,55.0
5956,155.5,55.0
5957,155.5,55.0
5958,153.0,55.0
5959,152.25,53.0
5960,152.25,53.0
5961,153.0,48.0
5962,154.75,48.0
5963,154.75,42.0
5964,152.25,42.0
5965,153.0,39.0
5966,153.0,39.0
5967,153.75,40.0
5968,154.75,40.0
5969,154.75,41.0
5970,154.75,41.0
5971,154.75,45.0
5972,153.75,45.0
5973,154.75,48.0
5974,154.75,48.0
5975,154.75,48.0
5976,152.25,48.0
5977,152.25,45.0
5978,0.0,45.0
5979,0.0,41.0
5980,0.0,41.0
5981,0.0,38.0
5982,0.0,38.0
5983,0.0,37.0
5984,103.5,37.0
5985,103.5,38.0
5986,103.5,38.0
5987,107.5,37.0
5988,107.5,37.0
5989,120.5,35.0
5990,120.5,35.0
5991,129.75,33.0
5992,134.5,33.0
5993,134.5,33.0
5994,139.5,33.0
5995,139.5,34.0
5996,143.5,34.0
5997,146.25,34.0
5998,146.25,34.0
5999,147.75,32.0
6000,147.75,32.0
6001,147.75,31.0
6002,144.25,31.0
6003,144.25,29.0
6004,148.5,29.0
6005,148.5,28.0
6006,147.0,28.0
6007,144.25,27.0
6008,144.25,27.0
6009,144.25,25.0
6010,144.25,25.0
6011,140.25,25.0
6012,140.25,25.0
6013,140.25,27.0
6014,136.25,27.0
6015,136.25,30.0
6016,135.75,30.0
6017,135.75,34.0
6018,140.25,34.0
6019,142.25,38.0
6020,142.25,38.0
6021,144.25,35.0
6022,144.25,35.0
6023,142.75,30.0
6024,142.25,30.0
6025,142.25,29.0
6026,134.5,29.0
6027,134.5,31.0
6028,137.5,31.0
6029,141.5,31.0
6030,141.5,31.0
6031,143.5,31.0
6032,143.5,31.0
6033,144.25,32.0
6034,143.5,32.0
6035,143.5,31.0
6036,142.25,31.0
6037,142.25,30.0
6038,142.75,30.0
6039,142.75,30.0
6040,143.5,30.0
6041,141.5,30.0
6042,141.5,30.0
6043,143.5,30.0
6044,143.5,30.0
6045,145.75,31.0
6046,146.25,31.0
6047,146.25,31.0
6048,148.5,31.0
6049,148.5,30.0
6050,147.0,30.0
6051,149.25,29.0
6052,149.25,29.0
6053,149.25,29.0
6054,146.25,29.0
6055,146.25,28.0
6056,147.75,28.0
6057,147.75,28.0
6058,148.5,28.0
6059,149.25,26.0
6060,149.25,26.0
6061,149.25,23.0
6062,148.5,23.0
6063,149.25,22.0
6064,150.0,22.0
6065,150.0,23.0
6066,150.0,23.0
6067,149.25,27.0
6068,149.25,27.0
6069,150.75,32.0
6070,150.75,32.0
6071,150.75,36.0
6072,151.5,36.0
6073,151.5,37.0
6074,151.5,37.0
6075,151.5,39.0
6076,151.5,39.0
6077,151.5,41.0
6078,150.75,41.0
6079,150.75,38.0
6080,152.25,38.0
6081,152.25,32.0
6082,150.75,32.0
6083,151.5,30.0
6084,151.5,30.0
6085,151.5,31.0
6086,150.0,31.0
6087,151.5,30.0
6088,150.75,30.0
6089,150.75,29.0
6090,150.75,29.0
6091,150.75,29.0
6092,150.75,29.0
6093,150.75,30.0
6094,151.5,30.0
6095,151.5,31.0
6096,150.75,31.0
6097,151.5,35.0
6098,151.5,35.0
6099,152.25,36.0
6100,153.0,36.0
6101,153.0,31.0
6102,153.0,31.0
6103,153.0,26.0
6104,153.75,26.0
6105,153.75,23.0
6106,153.75,23.0
6107,154.75,21.0
6108,153.75,21.0
6109,153.75,20.0
6110,153.75,20.0
6111,152.25,23.0
6112,152.25,23.0
6113,154.75,24.0
6114,154.75,24.0
6115,145.75,22.0
6116,145.75,22.0
6117,145.75,22.0
6118,147.0,22.0
6119,149.25,26.0
6120,149.25,26.0
6121,150.0,27.0
6122,150.0,27.0
6123,150.0,24.0
6124,150.75,24.0
6125,150.75,21.0
6126,150.0,21.0
6127,150.75,20.0
6128,150.75,20.0
6129,151.5,21.0
6130,151.5,21.0
6131,151.5,24.0
6132,151.5,24.0
6133,151.5,26.0
6134,153.0,26.0
6135,153.0,26.0
6136,153.0,26.0
6137,153.75,24.0
6138,153.75,24.0
6139,153.75,23.0
6140,153.0,23.0
6141,153.0,24.0
6142,154.75,24.0
6143,154.75,28.0
6144,154.75,28.0
6145,154.75,37.0
6146,155.5,37.0
6147,155.5,45.0
6148,154.75,45.0
6149,155.5,47.0
6150,155.5,47.0
6151,154.75,44.0
6152,153.75,44.0
6153,153.75,40.0
6154,155.5,40.0
6155,155.5,40.0
6156,155.5,40.0
6157,156.25,40.0
6158,156.25,40.0
6159,154.75,39.0
6160,155.5,39.0
6161,155.5,40.0
6162,155.5,40.0
6163,155.5,43.0
6164,155.5,43.0
6165,156.25,44.0
6166,154.75,44.0
6167,154.75,42.0
6168,156.25,42.0
6169,155.5,40.0
6170,155.5,40.0
6171,154.75,41.0
6172,154.75,41.0
6173,155.5,47.0
6174,154.75,47.0
6175,154.75,53.0
6176,154.75,53.0
6177,155.5,55.0
6178,155.5,55.0
6179,153.75,50.0
6180,155.5,50.0
6181,155.5,43.0
6182,154.75,43.0
6183,155.5,44.0
6184,155.5,44.0
6185,155.5,48.0
6186,154.75,48.0
6187,154.75,49.0
6188,155.5,49.0
6189,155.5,46.0
6190,153.75,46.0
6191,154.75,46.0
6192,154.75,46.0
6193,154.75,48.0
6194,153.0,48.0
6195,153.0,48.0
6196,155.5,48.0
6197,155.5,47.0
6198,153.0,47.0
6199,153.75,49.0
6200,153.75,49.0
6201,153.75,51.0
6202,152.25,51.0
6203,152.25,48.0
6204,153.0,48.0
6205,153.75,47.0
6206,153.75,47.0
6207,153.0,50.0
6208,153.0,50.0
6209,153.0,47.0
6210,152.25,47.0
6211,153.0,44.0
6212,153.0,44.0
6213,153.0,45.0
6214,153.0,45.0
6215,153.0,45.0
6216,153.75,45.0
6217,153.75,43.0
6218,152.25,43.0
6219,153.0,44.0
6220,153.0,44.0
6221,153.0,44.0
6222,153.0,44.0
6223,153.0,41.0
6224,152.25,41.0
6225,152.25,40.0
6226,152.25,40.0
6227,150.75,41.0
6228,150.75,41.0
6229,151.5,40.0
6230,151.5,40.0
6231,151.5,41.0
6232,150.0,41.0
6233,150.0,41.0
6234,150.75,41.0
6235,150.0,40.0
6236,150.0,40.0
6237,149.25,39.0
6238,150.0,39.0
6239,150.0,41.0
6240,150.75,41.0
6241,150.75,39.0
6242,150.0,39.0
6243,150.0,37.0
6244,150.0,37.0
6245,150.75,38.0
6246,150.75,38.0
6247,150.75,37.0
6248,150.75,37.0
6249,150.75,36.0
6250,149.25,36.0
6251,150.75,38.0
6252,150.75,38.0
6253,150.75,37.0
6254,150.0,37.0
6255,150.0,35.0
6256,149.25,35.0
6257,149.25,37.0
6258,150.0,37.0
6259,150.0,38.0
6260,150.0,38.0
6261,149.25,34.0
6262,150.0,34.0
6263,150.0,34.0
6264,150.0,34.0
6265,150.0,35.0
6266,150.0,35.0
6267,149.25,34.0
6268,149.25,34.0
6269,150.0,33.0
6270,150.75,33.0
6271,150.75,34.0
6272,150.0,34.0
6273,150.0,33.0
6274,150.75,33.0
6275,150.75,30.0
6276,150.75,30.0
6277,150.75,29.0
6278,150.0,29.0
6279,150.0,25.0
6280,150.0,25.0
6281,150.0,22.0
6282,150.0,22.0
6283,150.75,23.0
6284,150.75,23.0
6285,149.25,22.0
6286,150.75,22.0
6287,150.75,19.0
6288,150.75,19.0
6289,150.75,20.0
6290,150.75,20.0
6291,151.5,21.0
6292,151.5,21.0
6293,151.5,19.0
6294,152.25,19.0
6295,152.25,19.0
6296,153.0,19.0
6297,152.25,21.0
6298,152.25,21.0
6299,153.75,20.0
6300,153.75,20.0
6301,153.75,16.0
6302,153.0,16.0
6303,153.0,18.0
6304,153.75,18.0
6305,153.75,19.0
6306,153.75,19.0
6307,154.75,17.0
6308,153.75,17.0
6309,153.75,15.0
6310,154.75,15.0
6311,153.75,16.0
6312,153.75,16.0
6313,154.75,13.0
6314,154.75,13.0
6315,155.5,13.0
6316,155.5,13.0
6317,155.5,16.0
6318,154.75,16.0
6319,156.25,14.0
6320,156.25,14.0
6321,155.5,12.0
6322,155.5,12.0
6323,155.5,13.0
6324,155.5,13.0
6325,155.5,14.0
6326,155.5,14.0
6327,156.25,12.0
6328,155.5,12.0
6329,155.5,13.0
6330,154.75,13.0
6331,154.75,15.0
6332,154.75,15.0
6333,155.5,14.0
6334,155.5,14.0
6335,155.5,13.0
6336,154.75,13.0
6337,154.75,15.0
6338,155.5,15.0
6339,155.5,14.0
6340,155.5,14.0
6341,156.25,12.0
6342,155.5,12.0
6343,155.5,12.0
6344,157.0,12.0
6345,155.5,14.0
6346,155.5,14.0
6347,156.25,13.0
6348,156.25,13.0
6349,156.25,12.0
6350,156.25,12.0
6351,156.25,12.0
6352,155.5,12.0
6353,156.25,13.0
6354,156.25,13.0
6355,155.5,11.0
6356,156.25,11.0
6357,156.25,10.0
6358,155.5,10.0
6359,156.25,11.0
6360,156.25,11.0
6361,156.25,12.0
6362,156.25,12.0
6363,156.25,11.0
6364,156.25,11.0
6365,157.0,11.0
6366,157.0,11.0
6367,158.0,14.0
6368,157.0,14.0
6369,157.0,14.0
6370,158.0,14.0
6371,158.0,12.0
6372,158.0,12.0
6373,158.75,12.0
6374,158.0,12.0
6375,158.0,14.0
6376,159.5,14.0
6377,158.75,13.0
6378,158.75,13.0
6379,158.75,12.0
6380,158.75,12.0
6381,158.75,14.0
6382,158.75,14.0
6383,158.75,15.0
6384,158.0,15.0
6385,159.5,13.0
6386,159.5,13.0
6387,158.75,12.0
6388,158.0,12.0
6389,158.0,13.0
6390,158.75,13.0
6391,159.5,16.0
6392,159.5,16.0
6393,158.0,17.0
6394,159.5,17.0
6395,159.5,15.0
6396,158.75,15.0
6397,159.5,13.0
6398,159.5,13.0
6399,158.75,13.0
6400,159.5,13.0
6401,159.5,14.0
6402,158.75,14.0
6403,159.5,17.0
6404,159.5,17.0
6405,158.75,18.0
6406,158.75,18.0
6407,158.75,16.0
6408,159.5,16.0
6409,158.75,14.0
6410,158.75,14.0
6411,159.5,13.0
6412,158.75,13.0
6413,158.75,12.0
6414,159.5,12.0
6415,158.75,11.0
6416,158.75,11.0
6417,158.75,12.0
6418,158.75,12.0
6419,158.75,12.0
6420,158.75,12.0
6421,158.75,10.0
6422,158.75,10.0
6423,158.0,8.0
6424,159.5,8.0
6425,159.5,9.0
6426,158.75,9.0
6427,160.5,12.0
6428,160.5,12.0
6429,158.75,15.0
6430,160.5,15.0
6431,160.5,17.0
6432,159.5,17.0
6433,159.5,17.0
6434,159.5,17.0
6435,160.5,16.0
6436,160.5,16.0
6437,160.5,15.0
6438,160.5,15.0
6439,160.5,14.0
6440,160.5,14.0
6441,160.5,15.0
6442,160.5,15.0
6443,160.5,17.0
6444,159.5,17.0
6445,160.5,19.0
6446,160.5,19.0
6447,160.5,19.0
6448,160.5,19.0
6449,160.5,19.0
6450,159.5,19.0
6451,160.5,21.0
6452,160.5,21.0
6453,160.5,24.0
6454,160.5,24.0
6455,160.5,27.0
6456,160.5,27.0
6457,161.25,25.0
6458,161.25,25.0
6459,159.5,22.0
6460,160.5,22.0
6461,160.5,24.0
6462,160.5,24.0
6463,160.5,28.0
6464,160.5,28.0
6465,160.5,28.0
6466,160.5,28.0
6467,160.5,27.0
6468,159.5,27.0
6469,160.5,30.0
6470,160.5,30.0
6471,160.5,32.0
6472,161.25,32.0
6473,161.25,31.0
6474,160.5,31.0
6475,160.5,32.0
6476,160.5,32.0
6477,161.25,35.0
6478,161.25,35.0
6479,161.25,35.0
6480,160.5,35.0
6481,158.75,35.0
6482,158.75,35.0
6483,160.5,37.0
6484,159.5,37.0
6485,159.5,37.0
6486,158.75,37.0
6487,158.0,36.0
6488,158.0,36.0
6489,158.0,37.0
6490,158.75,37.0
6491,156.25,38.0
6492,157.0,38.0
6493,157.0,36.0
6494,157.0,36.0
6495,157.0,36.0
6496,157.0,36.0
6497,157.0,37.0
6498,156.25,37.0
6499,157.0,36.0
6500,157.0,36.0
6501,156.25,36.0
6502,156.25,36.0
6503,156.25,37.0
6504,155.5,37.0
6505,155.5,37.0
6506,155.5,37.0
6507,156.25,36.0
6508,156.25,36.0
6509,155.5,37.0
6510,155.5,37.0
6511,155.5,37.0
6512,154.75,37.0
6513,154.75,35.0
6514,154.75,35.0
6515,154.75,36.0
6516,153.75,36.0
6517,153.75,37.0
6518,155.5,37.0
6519,155.5,36.0
6520,155.5,36.0
6521,154.75,34.0
6522,154.75,34.0
6523,153.75,36.0
6524,153.75,36.0
6525,153.75,36.0
6526,154.75,36.0
6527,153.0,34.0
6528,153.0,34.0
6529,153.75,34.0
6530,153.75,34.0
6531,151.5,34.0
6532,152.25,34.0
6533,152.25,33.0
6534,151.5,33.0
6535,152.25,34.0
6536,152.25,34.0
6537,150.75,34.0
6538,151.5,34.0
6539,151.5,33.0
6540,152.25,33.0
6541,152.25,32.0
6542,152.25,32.0
6543,152.25,33.0
6544,152.25,33.0
6545,151.5,31.0
6546,153.0,31.0
6547,153.0,29.0
6548,151.5,29.0
6549,152.25,29.0
6550,152.25,29.0
6551,152.25,27.0
6552,152.25,27.0
6553,151.5,26.0
6554,152.25,26.0
6555,152.25,26.0
6556,150.75,26.0
6557,151.5,25.0
6558,151.5,25.0
6559,152.25,23.0
6560,152.25,23.0
6561,151.5,21.0
6562,151.5,21.0
6563,151.5,20.0
6564,150.75,20.0
6565,151.5,20.0
6566,151.5,20.0
6567,152.25,18.0
6568,152.25,18.0
6569,152.25,17.0
6570,152.25,17.0
6571,152.25,16.0
6572,152.25,16.0
6573,151.5,14.0
6574,151.5,14.0
6575,151.5,13.0
6576,150.75,13.0
6577,150.75,12.0
6578,151.5,12.0
6579,151.5,11.0
6580,150.75,11.0
6581,151.5,9.0
6582,151.5,9.0
6583,150.75,9.0
6584,152.25,9.0
6585,152.25,11.0
6586,150.75,11.0
6587,152.25,12.0
6588,152.25,12.0
6589,152.25,11.0
6590,152.25,11.0
6591,153.0,11.0
6592,152.25,11.0
6593,152.25,12.0
6594,152.25,12.0
6595,153.0,11.0
6596,153.0,11.0
6597,153.75,10.0
6598,153.0,10.0
6599,153.0,11.0
6600,153.75,11.0
6601,153.75,12.0
6602,154.75,12.0
6603,154.75,11.0
6604,154.75,11.0
6605,153.75,11.0
6606,153.75,11.0
6607,153.75,11.0
6608,155.5,11.0
6609,154.75,10.0
6610,154.75,10.0
6611,154.75,10.0
6612,155.5,10.0
6613,155.5,12.0
6614,154.75,12.0
6615,154.75,12.0
6616,155.5,12.0
6617,155.5,11.0
6618,155.5,11.0
6619,154.75,12.0
6620,154.75,12.0
6621,154.75,12.0
6622,153.75,12.0
6623,153.0,11.0
6624,153.0,11.0
6625,154.75,12.0
6626,153.75,12.0
6627,153.75,14.0
6628,153.75,14.0
6629,153.75,16.0
6630,153.75,16.0
6631,154.75,19.0
6632,154.75,19.0
6633,154.75,24.0
6634,154.75,24.0
6635,154.75,28.0
6636,155.5,28.0
6637,156.25,31.0
6638,156.25,31.0
6639,156.25,30.0
6640,156.25,30.0
6641,156.25,27.0
6642,156.25,27.0
6643,156.25,23.0
6644,156.25,23.0
6645,156.25,22.0
6646,155.5,22.0
6647,155.5,23.0
6648,156.25,23.0
6649,156.25,24.0
6650,155.5,24.0
6651,154.75,23.0
6652,154.75,23.0
6653,155.5,21.0
6654,155.5,21.0
6655,155.5,21.0
6656,154.75,21.0
6657,154.75,22.0
6658,154.75,22.0
6659,154.75,23.0
6660,155.5,23.0
6661,155.5,24.0
6662,154.75,24.0
6663,154.75,25.0
6664,154.75,25.0
6665,155.5,25.0
6666,155.5,25.0
6667,155.5,26.0
6668,156.25,26.0
6669,156.25,26.0
6670,156.25,26.0
6671,156.25,26.0
6672,156.25,26.0
6673,156.25,25.0
6674,157.0,25.0
6675,157.0,24.0
6676,157.0,24.0
6677,157.0,25.0
6678,157.0,25.0
6679,157.0,26.0
6680,158.0,26.0
6681,158.0,26.0
6682,158.0,26.0
6683,158.0,26.0
6684,158.0,26.0
6685,158.75,20.0
6686,158.75,20.0
6687,158.75,11.0
6688,158.75,11.0
6689,159.5,3.0
6690,159.5,3.0
6691,159.5,1.0
6692,159.5,1.0
6693,159.5,3.0
6694,159.5,3.0
6695,159.5,8.0
6696,159.5,8.0
6697,159.5,13.0
6698,159.5,13.0
6699,159.5,15.0
6700,159.5,15.0
6701,158.75,12.0
6702,158.75,12.0
6703,158.75,7.0
6704,158.75,7.0
6705,159.5,4.0
6706,158.0,4.0
6707,158.0,5.0
6708,158.75,5.0
6709,158.75,8.0
6710,158.75,8.0
6711,158.75,8.0
6712,158.75,8.0
6713,158.75,9.0
6714,158.0,9.0
6715,158.0,13.0
6716,158.0,13.0
6717,158.75,15.0
6718,158.75,15.0
6719,158.75,16.0
6720,158.75,16.0
6721,159.5,16.0
6722,159.5,16.0
6723,159.5,16.0
6724,159.5,16.0
6725,159.5,17.0
6726,159.5,17.0
6727,160.5,18.0
6728,160.5,18.0
6729,160.5,17.0
6730,159.5,17.0
6731,159.5,14.0
6732,159.5,14.0
6733,159.5,12.0
6734,159.5,12.0
6735,160.5,11.0
6736,159.5,11.0
6737,159.5,11.0
6738,159.5,11.0
6739,159.5,13.0
6740,159.5,13.0
6741,160.5,14.0
6742,159.5,14.0
6743,159.5,15.0
6744,160.5,15.0
6745,160.5,17.0
6746,159.5,17.0
6747,160.5,18.0
6748,160.5,18.0
6749,160.5,17.0
6750,160.5,17.0
6751,160.5,16.0
6752,160.5,16.0
6753,159.5,17.0
6754,158.75,17.0
6755,158.75,16.0
6756,160.5,16.0
6757,158.75,14.0
6758,158.75,14.0
6759,159.5,13.0
6760,158.75,13.0
6761,158.75,13.0
6762,158.75,13.0
6763,159.5,13.0
6764,159.5,13.0
6765,158.75,13.0
6766,159.5,13.0
6767,159.5,13.0
6768,159.5,13.0
6769,159.5,12.0
6770,159.5,12.0
6771,159.5,11.0
6772,160.5,11.0
6773,160.5,10.0
6774,160.5,10.0
6775,160.5,11.0
6776,160.5,11.0
6777,160.5,13.0
6778,160.5,13.0
6779,160.5,15.0
6780,160.5,15.0
6781,161.25,15.0
6782,161.25,15.0
6783,160.5,15.0
6784,161.25,15.0
6785,161.25,15.0
6786,161.25,15.0
6787,160.5,16.0
6788,160.5,16.0
6789,161.25,16.0
6790,162.25,16.0
6791,162.25,17.0
6792,161.25,17.0
6793,162.25,17.0
6794,162.25,17.0
6795,162.25,17.0
6796,161.25,17.0
6797,161.25,15.0
6798,163.0,15.0
6799,162.25,13.0
6800,162.25,13.0
6801,163.0,13.0
6802,162.25,13.0
6803,163.0,14.0
6804,163.0,14.0
6805,163.0,15.0
6806,163.0,15.0
6807,163.0,16.0
6808,163.0,16.0
6809,163.0,17.0
6810,163.0,17.0
6811,161.25,14.0
6812,162.25,14.0
6813,162.25,13.0
6814,162.25,13.0
6815,161.25,14.0
6816,161.25,14.0
6817,161.25,15.0
6818,161.25,15.0
6819,161.25,15.0
6820,162.25,15.0
6821,161.25,15.0
6822,161.25,15.0
6823,161.25,13.0
6824,161.25,13.0
6825,161.25,12.0
6826,162.25,12.0
6827,161.25,13.0
6828,161.25,13.0
6829,162.25,13.0
6830,162.25,13.0
6831,162.25,14.0
6832,162.25,14.0
6833,162.25,16.0
6834,162.25,16.0
6835,162.25,16.0
6836,161.25,16.0
6837,161.25,13.0
6838,162.25,13.0
6839,161.25,11.0
6840,161.25,11.0
6841,162.25,11.0
6842,162.25,11.0
6843,162.25,13.0
6844,162.25,13.0
6845,162.25,15.0
6846,162.25,15.0
6847,162.25,16.0
6848,162.25,16.0
6849,162.25,14.0
6850,162.25,14.0
6851,162.25,12.0
6852,163.0,12.0
6853,163.0,14.0
6854,162.25,14.0
6855,162.25,16.0
6856,162.25,16.0
6857,163.0,18.0
6858,163.0,18.0
6859,163.0,17.0
6860,163.0,17.0
6861,163.0,14.0
6862,163.0,14.0
6863,163.0,12.0
6864,163.0,12.0
6865,163.0,13.0
6866,163.0,13.0
6867,163.0,15.0
6868,163.0,15.0
6869,163.0,16.0
6870,163.0,16.0
6871,163.0,15.0
6872,163.0,15.0
6873,163.0,13.0
6874,162.25,13.0
6875,162.25,11.0
6876,163.0,11.0
6877,162.25,12.0
6878,162.25,12.0
6879,162.25,14.0
6880,163.0,14.0
6881,163.0,16.0
6882,162.25,16.0
6883,162.25,14.0
6884,162.25,14.0
6885,163.0,11.0
6886,163.0,11.0
6887,163.0,10.0
6888,162.25,10.0
6889,163.0,12.0
6890,163.0,12.0
6891,163.0,15.0
6892,164.0,15.0
6893,164.0,16.0
6894,163.0,16.0
6895,164.0,14.0
6896,164.0,14.0
6897,163.0,12.0
6898,164.0,12.0
6899,164.0,11.0
6900,164.0,11.0
6901,164.0,12.0
6902,164.0,12.0
6903,164.0,14.0
6904,163.0,14.0
6905,164.0,16.0
6906,164.0,16.0
6907,163.0,15.0
6908,163.0,15.0
6909,163.0,13.0
6910,163.0,13.0
6911,163.0,13.0
6912,163.0,13.0
6913,163.0,14.0
6914,163.0,14.0
6915,163.0,16.0
6916,163.0,16.0
6917,163.0,17.0
6918,163.0,17.0
6919,163.0,16.0
6920,163.0,16.0
6921,163.0,14.0
6922,164.0,14.0
6923,163.0,14.0
6924,164.0,14.0
6925,164.0,14.0
6926,164.0,14.0
6927,163.0,16.0
6928,163.0,16.0
6929,163.0,18.0
6930,164.0,18.0
6931,164.75,19.0
6932,163.0,19.0
6933,164.0,16.0
6934,164.0,16.0
6935,164.0,15.0
6936,163.0,15.0
6937,163.0,16.0
6938,164.0,16.0
6939,164.0,17.0
6940,164.0,17.0
6941,163.0,19.0
6942,164.0,19.0
6943,164.0,21.0
6944,163.0,21.0
6945,163.0,20.0
6946,164.0,20.0
6947,164.0,18.0
6948,163.0,18.0
6949,164.0,18.0
6950,164.0,18.0
6951,163.0,19.0
6952,164.0,19.0
6953,164.0,22.0
6954,163.0,22.0
6955,164.75,23.0
6956,164.75,23.0
6957,163.0,23.0
6958,164.75,23.0
6959,164.75,22.0
6960,163.0,22.0
6961,162.25,22.0
6962,162.25,22.0
6963,161.25,23.0
6964,161.25,23.0
6965,161.25,25.0
6966,162.25,25.0
6967,160.5,28.0
6968,160.5,28.0
6969,159.5,29.0
6970,159.5,29.0
6971,159.5,28.0
6972,160.5,28.0
6973,159.5,27.0
6974,159.5,27.0
6975,160.5,29.0
6976,160.5,29.0
6977,160.5,31.0
6978,160.5,31.0
6979,159.5,34.0
6980,159.5,34.0
6981,159.5,37.0
6982,160.5,37.0
6983,160.5,38.0
6984,159.5,38.0
6985,159.5,36.0
6986,159.5,36.0
6987,160.5,37.0
6988,159.5,37.0
6989,159.5,41.0
6990,160.5,41.0
6991,158.0,44.0
6992,158.0,44.0
6993,158.0,43.0
6994,158.75,43.0
6995,158.0,44.0
6996,156.25,44.0
6997,158.0,47.0
6998,158.0,47.0
6999,155.5,47.0
7000,155.5,47.0
7001,155.5,49.0
7002,156.25,49.0
7003,155.5,51.0
7004,155.5,51.0
7005,155.5,51.0
7006,155.5,51.0
7007,156.25,53.0
7008,154.75,53.0
7009,154.75,56.0
7010,155.5,56.0
7011,153.75,55.0
7012,153.75,55.0
7013,154.75,55.0
7014,152.25,55.0
7015,152.25,58.0
7016,153.0,58.0
7017,153.0,57.0
7018,153.0,57.0
7019,150.75,58.0
7020,150.75,58.0
7021,150.75,59.0
7022,150.75,59.0
7023,150.75,56.0
7024,149.25,56.0
7025,149.25,55.0
7026,149.25,55.0
7027,151.5,58.0
7028,151.5,58.0
7029,151.5,59.0
7030,150.75,59.0
7031,151.5,59.0
7032,153.0,59.0
7033,153.0,61.0
7034,153.0,61.0
7035,153.0,60.0
7036,150.75,60.0
7037,150.75,60.0
7038,152.25,60.0
7039,152.25,63.0
7040,153.0,63.0
7041,150.75,63.0
7042,150.75,63.0
7043,150.0,62.0
7044,145.0,62.0
7045,145.0,62.0
7046,147.75,62.0
7047,147.75,61.0
7048,145.75,61.0
7049,147.0,59.0
7050,147.0,59.0
7051,147.0,61.0
7052,147.0,61.0
7053,144.25,62.0
7054,145.0,62.0
7055,145.0,61.0
7056,145.0,61.0
7057,145.0,59.0
7058,145.0,59.0
7059,146.25,56.0
7060,146.25,56.0
7061,146.25,54.0
7062,147.0,54.0
7063,147.0,55.0
7064,147.0,55.0
7065,147.0,59.0
7066,147.75,59.0
7067,147.0,59.0
7068,147.0,59.0
7069,146.25,56.0
7070,146.25,56.0
7071,147.0,52.0
7072,148.5,52.0
7073,148.5,50.0
7074,146.25,50.0
7075,146.25,50.0
7076,145.75,50.0
7077,147.75,50.0
7078,147.75,50.0
7079,147.0,49.0
7080,148.5,49.0
7081,148.5,49.0
7082,148.5,49.0
7083,148.5,49.0
7084,147.75,49.0
7085,147.75,49.0
7086,148.5,49.0
7087,148.5,48.0
7088,148.5,48.0
7089,147.75,48.0
7090,146.25,48.0
7091,146.25,48.0
7092,148.5,48.0
7093,148.5,47.0
7094,148.5,47.0
7095,149.25,46.0
7096,149.25,46.0
7097,146.25,45.0
7098,149.25,45.0
7099,149.25,45.0
7100,145.0,45.0
7101,145.0,44.0
7102,146.25,44.0
7103,146.25,42.0
7104,146.25,42.0
7105,145.75,41.0
7106,147.0,41.0
7107,147.0,40.0
7108,147.0,40.0
7109,147.0,38.0
7110,145.75,38.0
7111,147.0,39.0
7112,147.0,39.0
7113,147.0,41.0
7114,147.0,41.0
7115,145.0,43.0
7116,147.0,43.0
7117,147.0,44.0
7118,147.0,44.0
7119,147.0,44.0
7120,147.0,44.0
7121,147.0,43.0
7122,147.0,43.0
7123,147.75,40.0
7124,148.5,40.0
7125,148.5,38.0
7126,146.25,38.0
7127,146.25,36.0
7128,147.75,36.0
7129,148.5,34.0
7130,148.5,34.0
7131,148.5,33.0
7132,148.5,33.0
7133,147.0,35.0
7134,142.75,35.0
7135,142.75,35.0
7136,146.25,35.0
7137,146.25,32.0
7138,146.25,32.0
7139,145.0,29.0
7140,145.0,29.0
7141,145.75,29.0
7142,147.0,29.0
7143,147.0,31.0
7144,147.75,31.0
7145,147.75,32.0
7146,147.75,32.0
7147,148.5,31.0
7148,148.5,31.0
7149,148.5,30.0
7150,148.5,30.0
7151,148.5,28.0
7152,148.5,28.0
7153,148.5,26.0
7154,147.75,26.0
7155,147.75,23.0
7156,147.75,23.0
7157,148.5,19.0
7158,148.5,19.0
7159,147.0,14.0
7160,146.25,14.0
7161,146.25,8.0
7162,146.25,8.0
7163,146.25,6.0
7164,136.25,6.0
7165,140.25,10.0
7166,140.25,10.0
7167,142.75,15.0
7168,142.75,15.0
7169,142.75,18.0
7170,143.5,18.0
7171,143.5,19.0
7172,139.5,19.0
7173,139.5,18.0
7174,143.5,18.0
7175,143.5,18.0
7176,142.75,18.0
7177,143.5,18.0
7178,143.5,18.0
7179,144.25,17.0
7180,144.25,17.0
7181,145.0,17.0
7182,146.25,17.0
7183,146.25,16.0
7184,146.25,16.0
7185,147.0,15.0
7186,147.0,15.0
7187,147.75,14.0
7188,147.75,14.0
7189,148.5,13.0
7190,148.5,13.0
7191,148.5,12.0
7192,149.25,12.0
7193,149.25,11.0
7194,149.25,11.0
7195,150.0,11.0
7196,150.0,11.0
7197,150.75,12.0
7198,147.75,12.0
7199,147.75,11.0
7200,145.75,11.0
7201,145.75,10.0
7202,147.75,10.0
7203,148.5,11.0
7204,148.5,11.0
7205,148.5,12.0
7206,147.75,12.0
7207,147.75,13.0
7208,147.75,13.0
7209,147.75,14.0
7210,147.75,14.0
7211,148.5,15.0
7212,148.5,15.0
7213,149.25,15.0
7214,149.25,15.0
7215,148.5,16.0
7216,148.5,16.0
7217,148.5,17.0
7218,149.25,17.0
7219,150.0,17.0
7220,150.0,17.0
7221,150.75,18.0
7222,150.75,18.0
7223,150.75,17.0
7224,150.75,17.0
7225,150.75,15.0
7226,151.5,15.0
7227,150.75,13.0
7228,150.75,13.0
7229,151.5,12.0
7230,151.5,12.0
7231,151.5,10.0
7232,151.5,10.0
7233,151.5,9.0
7234,152.25,9.0
7235,151.5,10.0
7236,151.5,10.0
7237,151.5,7.0
7238,151.5,7.0
7239,151.5,4.0
7240,150.75,4.0
7241,150.75,4.0
7242,150.75,4.0
7243,151.5,2.0
7244,151.5,2.0
7245,151.5,1.0
7246,152.25,1.0
7247,152.25,0.0
7248,151.5,0.0
7249,151.5,1.0
7250,151.5,1.0
7251,152.25,2.0
7252,152.25,2.0
7253,152.25,1.0
7254,152.25,1.0
7255,152.25,0.0
7256,153.0,0.0
7257,153.0,0.0
7258,153.0,0.0
7259,153.0,3.0
7260,153.75,3.0
7261,153.75,8.0
7262,154.75,8.0
7263,154.75,10.0
7264,153.75,10.0
7265,152.25,9.0
7266,152.25,9.0
7267,153.75,7.0
7268,154.75,7.0
7269,154.75,7.0
7270,154.75,7.0
7271,154.75,8.0
7272,154.75,8.0
7273,155.5,8.0
7274,154.75,8.0
7275,154.75,8.0
7276,155.5,8.0
7277,155.5,9.0
7278,155.5,9.0
7279,156.25,11.0
7280,156.25,11.0
7281,153.75,9.0
7282,153.75,9.0
7283,153.75,6.0
7284,152.25,6.0
7285,147.75,7.0
7286,147.75,7.0
7287,149.25,10.0
7288,149.25,10.0
7289,149.25,13.0
7290,150.0,13.0
7291,150.0,17.0
7292,150.0,17.0
7293,150.0,16.0
7294,150.0,16.0
7295,150.75,12.0
7296,150.75,12.0
7297,151.5,12.0
7298,150.75,12.0
7299,150.75,13.0
7300,152.25,13.0
7301,152.25,11.0
7302,152.25,11.0
7303,152.25,8.0
7304,152.25,8.0
7305,153.0,5.0
7306,153.0,5.0
7307,153.0,5.0
7308,154.75,5.0
7309,153.75,7.0
7310,153.75,7.0
7311,154.75,8.0
7312,155.5,8.0
7313,155.5,9.0
7314,155.5,9.0
7315,155.5,9.0
7316,155.5,9.0
7317,155.5,8.0
7318,155.5,8.0
7319,155.5,5.0
7320,155.5,5.0
7321,155.5,4.0
7322,155.5,4.0
7323,155.5,5.0
7324,155.5,5.0
7325,154.75,5.0
7326,155.5,5.0
7327,155.5,8.0
7328,155.5,8.0
7329,155.5,12.0
7330,155.5,12.0
7331,155.5,11.0
7332,155.5,11.0
7333,155.5,8.0
7334,155.5,8.0
7335,154.75,8.0
7336,154.75,8.0
7337,155.5,9.0
7338,155.5,9.0
7339,155.5,8.0
7340,155.5,8.0
7341,155.5,6.0
7342,154.75,6.0
7343,155.5,10.0
7344,155.5,10.0
7345,155.5,16.0
7346,154.75,16.0
7347,154.75,16.0
7348,155.5,16.0
7349,155.5,13.0
7350,155.5,13.0
7351,156.25,13.0
7352,155.5,13.0
7353,155.5,15.0
7354,154.75,15.0
7355,154.75,19.0
7356,155.5,19.0
7357,155.5,23.0
7358,155.5,23.0
7359,150.75,25.0
7360,149.25,25.0
7361,149.25,22.0
7362,149.25,22.0
7363,149.25,18.0
7364,149.25,18.0
7365,148.5,16.0
7366,148.5,16.0
7367,150.0,13.0
7368,150.0,13.0
7369,150.0,14.0
7370,148.5,14.0
7371,148.5,19.0
7372,150.75,19.0
7373,150.75,21.0
7374,150.75,21.0
7375,151.5,17.0
7376,151.5,17.0
7377,151.5,10.0
7378,152.25,10.0
7379,152.25,5.0
7380,152.25,5.0
7381,151.5,6.0
7382,151.5,6.0
7383,153.0,11.0
7384,153.0,11.0
7385,153.0,12.0
7386,153.0,12.0
7387,152.25,10.0
7388,152.25,10.0
7389,150.75,7.0
7390,152.25,7.0
7391,152.25,6.0
7392,150.75,6.0
7393,150.75,9.0
7394,152.25,9.0
7395,151.5,11.0
7396,151.5,11.0
7397,150.75,13.0
7398,152.25,13.0
7399,152.25,16.0
7400,151.5,16.0
7401,151.5,21.0
7402,151.5,21.0
7403,150.75,23.0
7404,150.75,23.0
7405,152.25,18.0
7406,151.5,18.0
7407,151.5,14.0
7408,152.25,14.0
7409,151.5,16.0
7410,151.5,16.0
7411,153.0,19.0
7412,153.0,19.0
7413,152.25,21.0
7414,152.25,21.0
7415,152.25,22.0
7416,151.5,22.0
7417,153.0,19.0
7418,153.0,19.0
7419,153.0,15.0
7420,151.5,15.0
7421,151.5,14.0
7422,153.0,14.0
7423,153.0,14.0
7424,153.0,14.0
7425,151.5,12.0
7426,151.5,12.0
7427,152.25,9.0
7428,151.5,9.0
7429,151.5,8.0
7430,152.25,8.0
7431,152.25,9.0
7432,150.75,9.0
7433,152.25,11.0
7434,152.25,11.0
7435,150.75,11.0
7436,151.5,11.0
7437,151.5,9.0
7438,152.25,9.0
7439,150.0,7.0
7440,150.0,7.0
7441,151.5,6.0
7442,151.5,6.0
7443,151.5,6.0
7444,151.5,6.0
7445,151.5,8.0
7446,152.25,8.0
7447,150.75,9.0
7448,150.75,9.0
7449,152.25,9.0
7450,152.25,9.0
7451,151.5,8.0
7452,151.5,8.0
7453,151.5,8.0
7454,151.5,8.0
7455,150.75,8.0
7456,150.75,8.0
7457,151.5,6.0
7458,151.5,6.0
7459,151.5,5.0
7460,151.5,5.0
7461,151.5,5.0
7462,150.75,5.0
7463,150.75,6.0
7464,150.75,6.0
7465,152.25,5.0
7466,150.75,5.0
7467,150.75,4.0
7468,151.5,4.0
7469,151.5,4.0
7470,151.5,4.0
7471,151.5,5.0
7472,151.5,5.0
7473,152.25,5.0
7474,152.25,5.0
7475,152.25,4.0
7476,151.5,4.0
7477,152.25,3.0
7478,152.25,3.0
7479,153.0,1.0
7480,153.0,1.0
7481,152.25,1.0
7482,153.0,1.0
7483,153.0,0.0
7484,153.0,0.0
7485,152.25,1.0
7486,152.25,1.0
7487,153.0,2.0
7488,153.0,2.0
7489,153.0,2.0
7490,153.0,2.0
7491,153.0,2.0
7492,153.0,2.0
7493,153.0,2.0
7494,153.0,2.0
7495,153.0,1.0
7496,153.75,1.0
7497,153.75,0.0
7498,153.0,0.0
7499,153.0,2.0
7500,153.0,2.0
7501,153.0,3.0
7502,153.0,3.0
7503,153.0,3.0
7504,153.75,3.0
7505,153.75,3.0
7506,153.75,3.0
7507,153.75,3.0
7508,153.75,3.0
7509,153.75,3.0
7510,153.75,3.0
7511,153.75,4.0
7512,153.75,4.0
7513,153.75,3.0
7514,153.75,3.0
7515,153.75,2.0
7516,153.75,2.0
7517,153.75,2.0
7518,153.75,2.0
7519,153.75,4.0
7520,154.75,4.0
7521,153.75,3.0
7522,153.75,3.0
7523,154.75,3.0
7524,154.75,3.0
7525,154.75,3.0
7526,154.75,3.0
7527,154.75,4.0
7528,154.75,4.0
7529,155.5,4.0
7530,155.5,4.0
7531,155.5,4.0
7532,154.75,4.0
7533,154.75,3.0
7534,155.5,3.0
7535,155.5,2.0
7536,155.5,2.0
7537,155.5,2.0
7538,155.5,2.0
7539,155.5,3.0
7540,156.25,3.0
7541,156.25,3.0
7542,156.25,3.0
7543,156.25,3.0
7544,156.25,3.0
7545,156.25,3.0
7546,156.25,3.0
7547,156.25,2.0
7548,157.0,2.0
7549,157.0,1.0
7550,157.0,1.0
7551,156.25,1.0
7552,156.25,1.0
7553,156.25,1.0
7554,157.0,1.0
7555,155.5,1.0
7556,155.5,1.0
7557,156.25,0.0
7558,156.25,0.0
7559,156.25,0.0
7560,156.25,0.0
7561,156.25,0.0
7562,156.25,0.0
7563,156.25,0.0
7564,157.0,0.0
7565,157.0,2.0
7566,156.25,2.0
7567,156.25,13.0
7568,156.25,13.0
7569,156.25,15.0
7570,157.0,15.0
7571,157.0,11.0
7572,156.25,11.0
7573,156.25,8.0
7574,157.0,8.0
7575,157.0,10.0
7576,157.0,10.0
7577,157.0,12.0
7578,157.0,12.0
7579,157.0,9.0
7580,158.0,9.0
7581,158.0,8.0
7582,157.0,8.0
7583,157.0,13.0
7584,157.0,13.0
7585,157.0,16.0
7586,156.25,16.0
7587,158.0,20.0
7588,158.0,20.0
7589,157.0,21.0
7590,158.0,21.0
7591,158.0,14.0
7592,157.0,14.0
7593,158.0,5.0
7594,158.0,5.0
7595,158.0,0.0
7596,158.0,0.0
7597,158.0,0.0
7598,158.0,0.0
7599,158.0,1.0
7600,158.75,1.0
7601,158.0,0.0
7602,158.0,0.0
7603,158.75,0.0
7604,158.75,0.0
7605,158.75,0.0
7606,158.0,0.0
7607,158.75,0.0
7608,158.75,0.0
7609,158.75,0.0
7610,158.75,0.0
7611,158.75,0.0
7612,158.75,0.0
7613,158.0,0.0
7614,158.0,0.0
7615,158.75,0.0
7616,159.5,0.0
7617,159.5,0.0
7618,158.75,0.0
7619,158.75,7.0
7620,158.75,7.0
7621,159.5,11.0
7622,159.5,11.0
7623,159.5,11.0
7624,161.25,11.0
7625,159.5,9.0
7626,159.5,9.0
7627,160.5,6.0
7628,160.5,6.0
7629,160.5,2.0
7630,159.5,2.0
7631,159.5,0.0
7632,159.5,0.0
7633,158.75,0.0
7634,158.75,0.0
7635,158.75,8.0
7636,158.75,8.0
7637,158.0,19.0
7638,158.0,19.0
7639,158.0,20.0
7640,156.25,20.0
7641,156.25,14.0
7642,157.0,14.0
7643,157.0,8.0
7644,157.0,8.0
7645,157.0,6.0
7646,156.25,6.0
7647,156.25,5.0
7648,158.0,5.0
7649,157.0,6.0
7650,157.0,6.0
7651,157.0,9.0
7652,157.0,9.0
7653,157.0,13.0
7654,157.0,13.0
7655,157.0,11.0
7656,158.0,11.0
7657,158.0,7.0
7658,158.0,7.0
7659,158.0,4.0
7660,158.0,4.0
7661,158.0,3.0
7662,158.75,3.0
7663,158.75,5.0
7664,158.75,5.0
7665,159.5,8.0
7666,159.5,8.0
7667,159.5,11.0
7668,159.5,11.0
7669,159.5,8.0
7670,159.5,8.0
7671,160.5,5.0
7672,160.5,5.0
7673,160.5,4.0
7674,160.5,4.0
7675,160.5,6.0
7676,160.5,6.0
7677,161.25,10.0
7678,160.5,10.0
7679,160.5,13.0
7680,160.5,13.0
7681,160.5,12.0
7682,160.5,12.0
7683,160.5,9.0
7684,159.5,9.0
7685,159.5,9.0
7686,160.5,9.0
7687,160.5,10.0
7688,160.5,10.0
7689,160.5,11.0
7690,160.5,11.0
7691,160.5,13.0
7692,160.5,13.0
7693,160.5,19.0
7694,160.5,19.0
7695,161.25,28.0
7696,160.5,28.0
7697,160.5,32.0
7698,162.25,32.0
7699,161.25,30.0
7700,161.25,30.0
7701,161.25,27.0
7702,160.5,27.0
7703,161.25,27.0
7704,161.25,27.0
7705,161.25,30.0
7706,160.5,30.0
7707,160.5,32.0
7708,160.5,32.0
7709,160.5,30.0
7710,160.5,30.0
7711,158.75,29.0
7712,158.75,29.0
7713,159.5,31.0
7714,159.5,31.0
7715,159.5,33.0
7716,158.0,33.0
7717,159.5,32.0
7718,159.5,32.0
7719,157.0,30.0
7720,158.75,30.0
7721,158.75,30.0
7722,158.0,30.0
7723,157.0,33.0
7724,157.0,33.0
7725,156.25,34.0
7726,158.0,34.0
7727,158.0,33.0
7728,157.0,33.0
7729,156.25,32.0
7730,156.25,32.0
7731,158.0,31.0
7732,156.25,31.0
7733,156.25,32.0
7734,158.0,32.0
7735,157.0,32.0
7736,157.0,32.0
7737,157.0,32.0
7738,157.0,32.0
7739,157.0,36.0
7740,156.25,36.0
7741,157.0,39.0
7742,157.0,39.0
7743,157.0,41.0
7744,157.0,41.0
7745,156.25,42.0
7746,156.25,42.0
7747,156.25,42.0
7748,155.5,42.0
7749,156.25,41.0
7750,156.25,41.0
7751,156.25,43.0
7752,156.25,43.0
7753,156.25,44.0
7754,156.25,44.0
7755,156.25,43.0
7756,156.25,43.0
7757,156.25,44.0
7758,157.0,44.0
7759,157.0,43.0
7760,158.0,43.0
7761,156.25,42.0
7762,156.25,42.0
7763,157.0,41.0
7764,158.0,41.0
7765,158.0,39.0
7766,156.25,39.0
7767,156.25,36.0
7768,156.25,36.0
7769,155.5,32.0
7770,155.5,32.0
7771,154.75,34.0
7772,150.75,34.0
7773,150.75,43.0
7774,153.0,43.0
7775,150.75,50.0
7776,150.75,50.0
7777,153.0,48.0
7778,153.0,48.0
7779,151.5,38.0
7780,153.0,38.0
7781,153.0,30.0
7782,152.25,30.0
7783,152.25,27.0
7784,152.25,27.0
7785,153.75,23.0
7786,153.75,23.0
7787,153.75,21.0
7788,153.75,21.0
7789,153.75,22.0
7790,153.75,22.0
7791,153.0,22.0
7792,153.0,22.0
7793,152.25,21.0
7794,150.75,21.0
7795,150.75,23.0
7796,152.25,23.0
7797,150.75,23.0
7798,150.75,23.0
7799,150.75,25.0
7800,150.75,25.0
7801,151.5,27.0
7802,150.0,27.0
7803,150.0,28.0
7804,150.0,28.0
7805,150.75,27.0
7806,150.75,27.0
7807,148.5,28.0
7808,148.5,28.0
7809,149.25,29.0
7810,149.25,29.0
7811,149.25,30.0
7812,148.5,30.0
7813,150.0,29.0
7814,150.0,29.0
7815,150.0,27.0
7816,150.0,27.0
7817,150.0,27.0
7818,150.75,27.0
7819,150.75,28.0
7820,150.0,28.0
7821,150.0,28.0
7822,150.0,28.0
7823,152.25,27.0
7824,152.25,27.0
7825,151.5,29.0
7826,151.5,29.0
7827,151.5,31.0
7828,151.5,31.0
7829,152.25,31.0
7830,152.25,31.0
7831,151.5,31.0
7832,151.5,31.0
7833,149.25,32.0
7834,151.5,32.0
7835,151.5,32.0
7836,150.75,32.0
7837,150.75,28.0
7838,150.75,28.0
7839,149.25,19.0
7840,150.0,19.0
7841,150.0,12.0
7842,150.75,12.0
7843,150.75,5.0
7844,149.25,5.0
7845,147.75,1.0
7846,147.75,1.0
7847,146.25,1.0
7848,146.25,1.0
7849,147.0,3.0
7850,147.0,3.0
7851,147.0,3.0
7852,148.5,3.0
7853,147.0,2.0
7854,147.0,2.0
7855,147.0,3.0
7856,147.0,3.0
7857,148.5,4.0
7858,147.75,4.0
7859,147.75,5.0
7860,147.75,5.0
7861,147.75,6.0
7862,147.75,6.0
7863,147.0,8.0
7864,147.0,8.0
7865,147.0,9.0
7866,148.5,9.0
7867,148.5,9.0
7868,147.75,9.0
7869,147.75,9.0
7870,150.0,9.0
7871,149.25,8.0
7872,149.25,8.0
7873,149.25,8.0
7874,149.25,8.0
7875,150.0,8.0
7876,150.75,8.0
7877,150.75,9.0
7878,150.0,9.0
7879,149.25,9.0
7880,149.25,9.0
7881,150.75,8.0
7882,151.5,8.0
7883,151.5,8.0
7884,151.5,8.0
7885,151.5,7.0
7886,150.75,7.0
7887,150.75,6.0
7888,150.75,6.0
7889,150.75,7.0
7890,151.5,7.0
7891,151.5,9.0
7892,152.25,9.0
7893,152.25,9.0
7894,150.75,9.0
7895,151.5,9.0
7896,151.5,9.0
7897,152.25,8.0
7898,152.25,8.0
7899,152.25,8.0
7900,152.25,8.0
7901,152.25,7.0
7902,152.25,7.0
7903,153.0,2.0
7904,153.0,2.0
7905,153.0,0.0
7906,153.0,0.0
7907,153.0,3.0
7908,153.75,3.0
7909,153.0,10.0
7910,153.0,10.0
7911,154.75,11.0
7912,154.75,11.0
7913,154.75,6.0
7914,153.75,6.0
7915,153.75,1.0
7916,156.25,1.0
7917,155.5,0.0
7918,155.5,0.0
7919,155.5,0.0
7920,155.5,0.0
7921,155.5,0.0
7922,155.5,0.0
7923,155.5,0.0
7924,155.5,0.0
7925,155.5,0.0
7926,155.5,0.0
7927,155.5,0.0
7928,154.75,0.0
7929,155.5,0.0
7930,155.5,0.0
7931,154.75,0.0
7932,154.75,0.0
7933,155.5,0.0
7934,154.75,0.0
7935,154.75,0.0
7936,155.5,0.0
7937,154.75,0.0
7938,154.75,0.0
7939,154.75,0.0
7940,154.75,0.0
7941,154.75,0.0
7942,153.75,0.0
7943,154.75,0.0
7944,154.75,0.0
7945,154.75,0.0
7946,153.0,0.0
7947,154.75,0.0
7948,153.75,0.0
7949,153.75,0.0
7950,154.75,0.0
7951,153.75,0.0
7952,153.75,0.0
7953,153.75,0.0
7954,153.75,0.0
7955,155.5,0.0
7956,154.75,0.0
7957,155.5,0.0
7958,155.5,0.0
7959,155.5,0.0
7960,154.75,0.0
7961,154.75,0.0
7962,155.5,0.0
7963,155.5,0.0
7964,154.75,0.0
7965,155.5,0.0
7966,155.5,0.0
7967,154.75,0.0
7968,154.75,0.0
7969,154.75,2.0
7970,155.5,2.0
7971,154.75,9.0
7972,154.75,9.0
7973,154.75,10.0
7974,155.5,10.0
7975,155.5,7.0
7976,155.5,7.0
7977,157.0,2.0
7978,157.0,2.0
7979,155.5,0.0
7980,155.5,0.0
7981,155.5,0.0
7982,156.25,0.0
7983,157.0,0.0
7984,157.0,0.0
7985,157.0,0.0
7986,157.0,0.0
7987,157.0,0.0
7988,157.0,0.0
7989,157.0,0.0
7990,156.25,0.0
7991,156.25,0.0
7992,156.25,0.0
7993,155.5,0.0
7994,156.25,0.0
7995,156.25,0.0
7996,157.0,0.0
7997,157.0,0.0
7998,155.5,0.0
7999,155.5,0.0
8000,156.25,0.0
8001,156.25,0.0
8002,155.5,0.0
8003,155.5,0.0
8004,156.25,0.0
8005,156.25,0.0
8006,156.25,0.0
8007,156.25,0.0
8008,156.25,0.0
8009,156.25,0.0
8010,157.0,0.0
8011,157.0,0.0
8012,157.0,0.0
8013,157.0,1.0
8014,157.0,1.0
8015,157.0,0.0
8016,157.0,0.0
8017,158.0,0.0
8018,158.0,0.0
8019,157.0,0.0
8020,157.0,0.0
8021,157.0,0.0
8022,157.0,0.0
8023,158.0,0.0
8024,158.0,0.0
8025,157.0,0.0
8026,158.0,0.0
8027,158.0,12.0
8028,158.0,12.0
8029,158.0,22.0
8030,158.0,22.0
8031,157.0,27.0
8032,157.0,27.0
8033,158.75,30.0
8034,157.0,30.0
8035,157.0,34.0
8036,158.0,34.0
8037,158.75,36.0
8038,158.75,36.0
8039,158.75,36.0
8040,158.0,36.0
8041,158.0,35.0
8042,158.0,35.0
8043,158.0,32.0
8044,158.0,32.0
8045,158.0,27.0
8046,158.75,27.0
8047,158.75,28.0
8048,158.0,28.0
8049,158.0,33.0
8050,158.0,33.0
8051,158.0,38.0
8052,157.0,38.0
8053,157.0,38.0
8054,158.0,38.0
8055,158.0,35.0
8056,158.0,35.0
8057,157.0,33.0
8058,158.0,33.0
8059,158.0,37.0
8060,158.0,37.0
8061,158.0,43.0
8062,158.0,43.0
8063,158.75,46.0
8064,158.0,46.0
8065,158.0,44.0
8066,158.0,44.0
8067,158.0,41.0
8068,158.75,41.0
8069,158.75,41.0
8070,158.75,41.0
8071,159.5,42.0
8072,158.0,42.0
8073,158.0,41.0
8074,158.75,41.0
8075,158.75,41.0
8076,158.75,41.0
8077,158.75,44.0
8078,158.75,44.0
8079,158.75,45.0
8080,158.0,45.0
8081,158.0,47.0
8082,158.0,47.0
8083,158.75,47.0
8084,158.75,47.0
8085,158.75,48.0
8086,158.0,48.0
8087,158.0,48.0
8088,158.0,48.0
8089,157.0,48.0
8090,158.0,48.0
8091,158.0,49.0
8092,158.0,49.0
8093,157.0,49.0
8094,157.0,49.0
8095,157.0,49.0
8096,157.0,49.0
8097,157.0,49.0
8098,157.0,49.0
8099,157.0,49.0
8100,157.0,49.0
8101,155.5,49.0
8102,156.25,49.0
8103,156.25,49.0
8104,155.5,49.0
8105,155.5,48.0
8106,155.5,48.0
8107,155.5,48.0
8108,155.5,48.0
8109,153.75,47.0
8110,153.75,47.0
8111,153.75,46.0
8112,154.75,46.0
8113,153.75,45.0
8114,153.75,45.0
8115,153.0,44.0
8116,153.75,44.0
8117,153.75,43.0
8118,152.25,43.0
8119,152.25,43.0
8120,153.0,43.0
8121,153.0,46.0
8122,153.75,46.0
8123,153.75,47.0
8124,153.75,47.0
8125,153.75,46.0
8126,153.75,46.0
8127,152.25,44.0
8128,152.25,44.0
8129,153.75,44.0
8130,153.75,44.0
8131,153.75,44.0
8132,153.75,44.0
8133,153.75,45.0
8134,153.75,45.0
8135,154.75,44.0
8136,154.75,44.0
8137,154.75,43.0
8138,154.75,43.0
8139,154.75,43.0
8140,156.25,43.0
8141,153.75,41.0
8142,153.75,41.0
8143,154.75,41.0
8144,154.75,41.0
8145,154.75,41.0
8146,154.75,41.0
8147,154.75,40.0
8148,155.5,40.0
8149,154.75,39.0
8150,154.75,39.0
8151,153.75,39.0
8152,153.75,39.0
8153,153.75,39.0
8154,153.0,39.0
8155,152.25,38.0
8156,152.25,38.0
8157,152.25,37.0
8158,152.25,37.0
8159,150.75,37.0
8160,150.75,37.0
8161,150.75,36.0
8162,150.75,36.0
8163,150.0,36.0
8164,150.0,36.0
8165,151.5,36.0
8166,151.5,36.0
8167,152.25,36.0
8168,151.5,36.0
8169,151.5,36.0
8170,152.25,36.0
8171,152.25,36.0
8172,152.25,36.0
8173,153.75,35.0
8174,153.0,35.0
8175,153.0,35.0
8176,153.75,35.0
8177,153.75,35.0
8178,153.75,35.0
8179,153.75,34.0
8180,153.75,34.0
8181,153.0,34.0
8182,153.75,34.0
8183,153.75,33.0
8184,153.75,33.0
8185,153.0,32.0
8186,153.0,32.0
8187,153.75,30.0
8188,153.75,30.0
8189,153.75,33.0
8190,153.0,33.0
8191,153.0,44.0
8192,153.0,44.0
8193,153.75,56.0
8194,153.75,56.0
8195,153.0,60.0
8196,153.0,60.0
8197,153.0,60.0
8198,153.0,60.0
8199,152.25,61.0
8200,152.25,61.0
8201,152.25,61.0
8202,153.75,61.0
8203,152.25,59.0
8204,153.0,59.0
8205,153.0,57.0
8206,151.5,57.0
8207,150.75,60.0
8208,150.75,60.0
8209,149.25,62.0
8210,149.25,62.0
8211,150.75,60.0
8212,148.5,60.0
8213,148.5,56.0
8214,144.25,56.0
8215,145.0,53.0
8216,145.0,53.0
8217,144.25,50.0
8218,144.25,50.0
8219,147.0,45.0
8220,145.75,45.0
8221,145.75,41.0
8222,147.75,41.0
8223,147.75,38.0
8224,147.75,38.0
8225,148.5,38.0
8226,148.5,38.0
8227,148.5,41.0
8228,148.5,41.0
8229,138.25,39.0
8230,145.0,39.0
8231,145.0,31.0
8232,148.5,31.0
8233,148.5,17.0
8234,148.5,17.0
8235,148.5,6.0
8236,148.5,6.0
8237,150.0,2.0
8238,149.25,2.0
8239,149.25,1.0
8240,150.0,1.0
8241,150.0,3.0
8242,150.0,3.0
8243,150.75,6.0
8244,150.75,6.0
8245,150.0,12.0
8246,150.75,12.0
8247,150.75,16.0
8248,151.5,16.0
8249,151.5,14.0
8250,150.75,14.0
8251,150.0,8.0
8252,150.0,8.0
8253,151.5,3.0
8254,151.5,3.0
8255,151.5,0.0
8256,151.5,0.0
8257,152.25,0.0
8258,152.25,0.0
8259,153.0,0.0
8260,153.0,0.0
8261,153.0,0.0
8262,153.0,0.0
8263,153.0,0.0
8264,151.5,0.0
8265,151.5,0.0
8266,151.5,0.0
8267,152.25,0.0
8268,152.25,0.0
8269,152.25,0.0
8270,151.5,0.0
8271,151.5,0.0
8272,151.5,0.0
8273,150.75,0.0
8274,150.75,0.0
8275,152.25,0.0
8276,152.25,0.0
8277,152.25,0.0
8278,153.0,0.0
8279,153.0,0.0
8280,153.0,0.0
8281,153.75,0.0
8282,153.75,0.0
8283,152.25,0.0
8284,153.75,0.0
8285,153.75,0.0
8286,153.75,0.0
8287,153.75,0.0
8288,153.75,0.0
8289,153.75,0.0
8290,153.75,0.0
8291,155.5,0.0
8292,154.75,0.0
8293,154.75,0.0
8294,155.5,0.0
8295,156.25,0.0
8296,156.25,0.0
8297,156.25,0.0
8298,156.25,0.0
8299,156.25,0.0
8300,157.0,0.0
8301,157.0,0.0
8302,157.0,0.0
8303,158.0,6.0
8304,158.0,6.0
8305,158.0,13.0
8306,158.0,13.0
8307,158.0,15.0
8308,158.0,15.0
8309,158.75,13.0
8310,157.0,13.0
8311,157.0,10.0
8312,158.75,10.0
8313,158.75,6.0
8314,158.75,6.0
8315,158.0,4.0
8316,158.75,4.0
8317,158.75,4.0
8318,158.75,4.0
8319,158.75,6.0
8320,158.75,6.0
8321,158.75,8.0
8322,159.5,8.0
8323,158.75,8.0
8324,159.5,8.0
8325,159.5,6.0
8326,159.5,6.0
8327,159.5,7.0
8328,159.5,7.0
8329,159.5,14.0
8330,159.5,14.0
8331,160.5,20.0
8332,160.5,20.0
8333,159.5,20.0
8334,160.5,20.0
8335,160.5,15.0
8336,160.5,15.0
8337,159.5,14.0
8338,159.5,14.0
8339,160.5,19.0
8340,160.5,19.0
8341,160.5,26.0
8342,160.5,26.0
8343,159.5,29.0
8344,159.5,29.0
8345,160.5,30.0
8346,0.0,30.0
8347,0.0,26.0
8348,0.0,26.0
8349,0.0,16.0
8350,0.0,16.0
8351,0.0,9.0
8352,0.0,9.0
8353,0.0,13.0
8354,0.0,13.0
8355,158.75,26.0
8356,158.75,26.0
8357,157.0,32.0
8358,158.0,32.0
8359,158.0,29.0
8360,156.25,29.0
8361,156.25,24.0
8362,157.0,24.0
8363,156.25,27.0
8364,156.25,27.0
8365,156.25,34.0
8366,158.0,34.0
8367,158.0,40.0
8368,157.0,40.0
8369,158.75,43.0
8370,158.75,43.0
8371,158.0,41.0
8372,158.0,41.0
8373,158.0,36.0
8374,112.0,36.0
8375,0.0,32.0
8376,0.0,32.0
8377,0.0,32.0
8378,0.0,32.0
8379,0.0,32.0
8380,0.0,32.0
8381,159.5,31.0
8382,159.5,31.0
8383,160.5,29.0
8384,159.5,29.0
8385,159.5,30.0
8386,160.5,30.0
8387,160.5,32.0
8388,160.5,32.0
8389,159.5,33.0
8390,0.0,33.0
8391,0.0,32.0
8392,0.0,32.0
8393,0.0,31.0
8394,0.0,31.0
8395,0.0,29.0
8396,0.0,29.0
8397,0.0,28.0
8398,0.0,28.0
8399,0.0,27.0
8400,0.0,27.0
8401,0.0,26.0
8402,0.0,26.0
8403,0.0,27.0
8404,0.0,27.0
8405,0.0,29.0
8406,0.0,29.0
8407,0.0,29.0
8408,0.0,29.0
8409,0.0,29.0
8410,0.0,29.0
8411,0.0,32.0
8412,0.0,32.0
8413,0.0,34.0
8414,0.0,34.0
8415,0.0,33.0
8416,0.0,33.0
8417,0.0,32.0
8418,0.0,32.0
8419,159.5,32.0
8420,158.0,32.0
8421,158.0,32.0
8422,153.75,32.0
8423,153.75,33.0
8424,138.25,33.0
8425,143.5,33.0
8426,143.5,33.0
8427,145.0,32.0
8428,145.0,32.0
8429,140.25,34.0
8430,140.25,34.0
8431,0.0,39.0
8432,0.0,39.0
8433,0.0,41.0
8434,0.0,41.0
8435,0.0,41.0
8436,0.0,41.0
8437,0.0,42.0
8438,0.0,42.0
8439,0.0,45.0
8440,0.0,45.0
8441,0.0,46.0
8442,0.0,46.0
8443,0.0,44.0
8444,0.0,44.0
8445,0.0,41.0
8446,0.0,41.0
8447,0.0,44.0
8448,0.0,44.0
8449,0.0,49.0
8450,0.0,49.0
8451,0.0,53.0
8452,0.0,53.0
8453,0.0,54.0
8454,0.0,54.0
8455,0.0,55.0
8456,0.0,55.0
8457,0.0,57.0
8458,0.0,57.0
8459,0.0,59.0
8460,101.0,59.0
8461,101.0,59.0
8462,111.5,59.0
8463,111.5,59.0
8464,122.5,59.0
8465,122.5,62.0
8466,128.25,62.0
8467,128.25,67.0
8468,128.25,67.0
8469,128.25,70.0
8470,122.0,70.0
8471,122.0,73.0
8472,120.0,73.0
8473,120.0,77.0
8474,127.75,77.0
8475,125.5,78.0
8476,125.5,78.0
8477,132.75,74.0
8478,132.75,74.0
8479,131.5,66.0
8480,131.5,66.0
8481,132.75,55.0
8482,132.75,55.0
8483,136.25,39.0
8484,137.0,39.0
8485,137.0,21.0
8486,140.25,21.0
8487,140.25,17.0
8488,137.5,17.0
8489,137.5,29.0
8490,140.75,29.0
8491,142.75,46.0
8492,142.75,46.0
8493,136.25,56.0
8494,136.25,56.0
8495,140.75,59.0
8496,139.5,59.0
8497,139.5,58.0
8498,142.75,58.0
8499,142.75,54.0
8500,140.75,54.0
8501,0.0,48.0
8502,0.0,48.0
8503,0.0,39.0
8504,0.0,39.0
8505,0.0,33.0
8506,0.0,33.0
8507,0.0,38.0
8508,0.0,38.0
8509,0.0,44.0
8510,141.5,44.0
8511,141.5,40.0
8512,144.25,40.0
8513,145.0,28.0
8514,145.0,28.0
8515,145.75,20.0
8516,145.75,20.0
8517,144.25,22.0
8518,144.25,22.0
8519,144.25,30.0
8520,145.0,30.0
8521,145.0,41.0
8522,145.75,41.0
8523,146.25,50.0
8524,146.25,50.0
8525,145.75,58.0
8526,147.75,58.0
8527,147.75,67.0
8528,146.25,67.0
8529,146.25,72.0
8530,147.0,72.0
8531,147.75,72.0
8532,147.75,72.0
8533,147.75,68.0
8534,147.75,68.0
8535,146.25,67.0
8536,148.5,67.0
8537,148.5,70.0
8538,147.75,70.0
8539,148.5,70.0
8540,148.5,70.0
8541,146.25,66.0
8542,146.25,66.0
8543,148.5,67.0
8544,147.75,67.0
8545,147.75,70.0
8546,148.5,70.0
8547,148.5,68.0
8548,147.75,68.0
8549,148.5,63.0
8550,148.5,63.0
8551,148.5,65.0
8552,146.25,65.0
8553,146.25,71.0
8554,146.25,71.0
8555,146.25,73.0
8556,144.25,73.0
8557,146.25,71.0
8558,146.25,71.0
8559,147.75,63.0
8560,147.75,63.0
8561,147.0,50.0
8562,146.25,50.0
8563,146.25,38.0
8564,147.0,38.0
8565,147.0,29.0
8566,148.5,29.0
8567,146.25,24.0
8568,146.25,24.0
8569,146.25,24.0
8570,147.0,24.0
8571,147.0,31.0
8572,146.25,31.0
8573,146.25,39.0
8574,145.75,39.0
8575,147.0,40.0
8576,147.0,40.0
8577,147.0,39.0
8578,147.0,39.0
8579,147.0,39.0
8580,147.0,39.0
8581,147.0,42.0
8582,147.75,42.0
8583,147.75,46.0
8584,146.25,46.0
8585,145.0,44.0
8586,145.0,44.0
8587,147.0,38.0
8588,147.0,38.0
8589,147.0,38.0
8590,147.0,38.0
8591,147.0,45.0
8592,146.25,45.0
8593,147.0,49.0
8594,147.0,49.0
8595,147.0,48.0
8596,147.0,48.0
8597,145.0,49.0
8598,144.25,49.0
8599,144.25,53.0
8600,142.75,53.0
8601,142.75,55.0
8602,145.0,55.0
8603,145.0,56.0
8604,145.0,56.0
8605,146.25,56.0
8606,146.25,56.0
8607,143.5,57.0
8608,143.5,57.0
8609,143.5,58.0
8610,145.0,58.0
8611,145.0,64.0
8612,145.0,64.0
8613,146.25,70.0
8614,146.25,70.0
8615,145.75,70.0
8616,145.75,70.0
8617,145.75,70.0
8618,146.25,70.0
8619,146.25,70.0
8620,147.75,70.0
8621,147.0,68.0
8622,147.0,68.0
8623,148.5,66.0
8624,148.5,66.0
8625,147.75,65.0
8626,149.25,65.0
8627,149.25,68.0
8628,146.25,68.0
8629,146.25,71.0
8630,142.25,71.0
8631,146.25,68.0
8632,146.25,68.0
8633,145.75,64.0
8634,145.75,64.0
8635,146.25,62.0
8636,145.0,62.0
8637,145.0,57.0
8638,147.0,57.0
8639,145.75,52.0
8640,145.75,52.0
8641,147.0,44.0
8642,147.0,44.0
8643,147.0,39.0
8644,147.0,39.0
8645,147.0,40.0
8646,148.5,40.0
8647,148.5,38.0
8648,147.0,38.0
8649,148.5,31.0
8650,148.5,31.0
8651,148.5,26.0
8652,149.25,26.0
8653,149.25,25.0
8654,147.75,25.0
8655,147.75,31.0
8656,146.25,31.0
8657,147.0,44.0
8658,147.0,44.0
8659,145.75,45.0
8660,145.75,45.0
8661,145.0,25.0
8662,142.25,25.0
8663,142.25,9.0
8664,146.25,9.0
8665,146.25,13.0
8666,144.25,13.0
8667,146.25,30.0
8668,146.25,30.0
8669,142.25,42.0
8670,142.25,42.0
8671,145.0,45.0
8672,145.75,45.0
8673,145.75,41.0
8674,143.5,41.0
8675,143.5,38.0
8676,145.0,38.0
8677,146.25,38.0
8678,146.25,38.0
8679,146.25,44.0
8680,146.25,44.0
8681,147.0,51.0
8682,146.25,51.0
8683,146.25,51.0
8684,146.25,51.0
8685,145.75,43.0
8686,145.75,43.0
8687,146.25,31.0
8688,146.25,31.0
8689,148.5,20.0
8690,147.0,20.0
8691,147.0,14.0
8692,147.0,14.0
8693,147.0,8.0
8694,147.0,8.0
8695,145.0,3.0
8696,145.0,3.0
8697,147.0,0.0
8698,147.0,0.0
8699,146.25,0.0
8700,146.25,0.0
8701,146.25,0.0
8702,147.0,0.0
8703,146.25,0.0
8704,146.25,0.0
8705,146.25,4.0
8706,146.25,4.0
8707,147.0,11.0
8708,147.75,11.0
8709,147.75,15.0
8710,146.25,15.0
8711,146.25,12.0
8712,147.0,12.0
8713,146.25,6.0
8714,146.25,6.0
8715,145.75,5.0
8716,145.75,5.0
8717,146.25,6.0
8718,147.75,6.0
8719,147.75,9.0
8720,147.0,9.0
8721,147.0,17.0
8722,147.0,17.0
8723,145.75,22.0
8724,145.75,22.0
8725,146.25,19.0
8726,147.75,19.0
8727,147.75,13.0
8728,147.75,13.0
8729,147.75,7.0
8730,147.75,7.0
8731,148.5,4.0
8732,148.5,4.0
8733,149.25,5.0
8734,149.25,5.0
8735,149.25,5.0
8736,149.25,5.0
8737,149.25,3.0
8738,150.0,3.0
8739,150.0,0.0
8740,150.0,0.0
8741,148.5,1.0
8742,150.75,1.0
8743,150.75,6.0
8744,149.25,6.0
8745,149.25,17.0
8746,149.25,17.0
8747,147.75,25.0
8748,147.75,25.0
8749,150.0,26.0
8750,150.75,26.0
8751,150.75,23.0
8752,150.0,23.0
8753,150.0,21.0
8754,150.75,21.0
8755,150.75,21.0
8756,150.75,21.0
8757,150.0,20.0
8758,150.0,20.0
8759,150.0,16.0
8760,150.75,16.0
8761,150.75,13.0
8762,150.75,13.0
8763,150.75,10.0
8764,150.75,10.0
8765,150.75,7.0
8766,148.5,7.0
8767,150.0,5.0
8768,149.25,5.0
8769,149.25,6.0
8770,150.75,6.0
8771,150.75,14.0
8772,150.75,14.0
8773,150.75,24.0
8774,150.75,24.0
8775,150.75,27.0
8776,150.75,27.0
8777,150.75,27.0
8778,151.5,27.0
8779,151.5,26.0
8780,151.5,26.0
8781,152.25,25.0
8782,151.5,25.0
8783,151.5,26.0
8784,152.25,26.0
8785,152.25,30.0
8786,152.25,30.0
8787,152.25,32.0
8788,152.25,32.0
8789,152.25,28.0
8790,153.0,28.0
8791,153.0,23.0
8792,153.0,23.0
8793,153.75,21.0
8794,153.75,21.0
8795,153.0,20.0
8796,153.0,20.0
8797,153.0,19.0
8798,151.5,19.0
8799,151.5,20.0
8800,152.25,20.0
8801,152.25,23.0
8802,152.25,23.0
8803,152.25,24.0
8804,152.25,24.0
8805,152.25,21.0
8806,151.5,21.0
8807,151.5,20.0
8808,152.25,20.0
8809,152.25,22.0
8810,152.25,22.0
8811,153.0,24.0
8812,152.25,24.0
8813,152.25,23.0
8814,153.0,23.0
8815,150.75,17.0
8816,150.75,17.0
8817,150.75,11.0
8818,153.0,11.0
8819,152.25,12.0
8820,152.25,12.0
8821,152.25,20.0
8822,152.25,20.0
8823,152.25,30.0
8824,152.25,30.0
8825,151.5,32.0
8826,151.5,32.0
8827,151.5,26.0
8828,150.75,26.0
8829,150.75,22.0
8830,151.5,22.0
8831,150.75,21.0
8832,150.75,21.0
8833,150.75,24.0
8834,151.5,24.0
8835,151.5,31.0
8836,151.5,31.0
8837,151.5,31.0
8838,151.5,31.0
8839,151.5,25.0
8840,151.5,25.0
8841,152.25,21.0
8842,152.25,21.0
8843,152.25,20.0
8844,152.25,20.0
8845,152.25,22.0
8846,153.0,22.0
8847,152.25,27.0
8848,152.25,27.0
8849,153.75,30.0
8850,153.0,30.0
8851,153.0,27.0
8852,153.0,27.0
8853,153.0,22.0
8854,153.75,22.0
8855,153.0,21.0
8856,153.75,21.0
8857,153.75,23.0
8858,153.75,23.0
8859,153.75,26.0
8860,153.0,26.0
8861,153.75,27.0
8862,153.75,27.0
8863,153.75,22.0
8864,153.75,22.0
8865,153.75,19.0
8866,153.75,19.0
8867,154.75,18.0
8868,154.75,18.0
8869,153.75,19.0
8870,154.75,19.0
8871,154.75,18.0
8872,154.75,18.0
8873,154.75,15.0
8874,155.5,15.0
8875,155.5,12.0
8876,155.5,12.0
8877,155.5,11.0
8878,155.5,11.0
8879,155.5,10.0
8880,155.5,10.0
8881,155.5,11.0
8882,155.5,11.0
8883,155.5,13.0
8884,156.25,13.0
8885,156.25,16.0
8886,154.75,16.0
8887,154.75,18.0
8888,154.75,18.0
8889,155.5,15.0
8890,155.5,15.0
8891,155.5,13.0
8892,154.75,13.0
8893,154.75,14.0
8894,155.5,14.0
8895,154.75,18.0
8896,154.75,18.0
8897,154.75,25.0
8898,155.5,25.0
8899,155.5,33.0
8900,155.5,33.0
8901,154.75,32.0
8902,154.75,32.0
8903,155.5,25.0
8904,155.5,25.0
8905,155.5,21.0
8906,155.5,21.0
8907,155.5,20.0
8908,154.75,20.0
8909,155.5,20.0
8910,155.5,20.0
8911,154.75,22.0
8912,155.5,22.0
8913,155.5,28.0
8914,154.75,28.0
8915,154.75,29.0
8916,154.75,29.0
8917,155.5,24.0
8918,153.75,24.0
8919,153.75,20.0
8920,154.75,20.0
8921,153.75,19.0
8922,153.75,19.0
8923,153.75,19.0
8924,153.75,19.0
8925,153.0,22.0
8926,153.75,22.0
8927,153.75,27.0
8928,153.0,27.0
8929,153.0,30.0
8930,153.0,30.0
8931,153.0,29.0
8932,152.25,29.0
8933,152.25,27.0
8934,152.25,27.0
8935,152.25,21.0
8936,153.0,21.0
8937,153.0,18.0
8938,153.0,18.0
8939,152.25,22.0
8940,152.25,22.0
8941,152.25,28.0
8942,153.0,28.0
8943,151.5,32.0
8944,151.5,32.0
8945,150.75,35.0
8946,150.75,35.0
8947,151.5,36.0
8948,150.0,36.0
8949,150.0,33.0
8950,147.75,33.0
8951,148.5,25.0
8952,148.5,25.0
8953,147.75,19.0
8954,147.75,19.0
8955,147.0,21.0
8956,147.75,21.0
8957,147.75,30.0
8958,144.25,30.0
8959,144.25,39.0
8960,144.25,39.0
8961,145.75,44.0
8962,145.75,44.0
8963,145.0,37.0
8964,145.0,37.0
8965,142.75,23.0
8966,145.0,23.0
8967,145.0,11.0
8968,145.0,11.0
8969,145.0,4.0
8970,141.5,4.0
8971,144.25,7.0
8972,144.25,7.0
8973,145.0,20.0
8974,145.0,20.0
8975,146.25,32.0
8976,145.0,32.0
8977,145.0,33.0
8978,145.0,33.0
8979,145.0,20.0
8980,146.25,20.0
8981,145.75,5.0
8982,145.75,5.0
8983,143.5,0.0
8984,143.5,0.0
8985,145.0,0.0
8986,145.0,0.0
8987,145.0,0.0
8988,142.25,0.0
8989,142.25,1.0
8990,143.5,1.0
8991,139.5,11.0
8992,139.5,11.0
8993,139.5,12.0
8994,139.5,12.0
8995,137.0,2.0
8996,137.0,2.0
8997,139.5,0.0
8998,137.5,0.0
8999,137.5,0.0
9000,137.5,0.0
9001,137.5,0.0
9002,140.25,0.0
9003,139.5,0.0
9004,139.5,0.0
9005,140.75,0.0
9006,140.75,0.0
9007,138.25,7.0
9008,138.25,7.0
9009,140.25,11.0
9010,140.75,11.0
9011,140.75,5.0
9012,141.5,5.0
9013,141.5,0.0
9014,142.25,0.0
9015,142.75,0.0
9016,142.75,0.0
9017,140.75,0.0
9018,140.75,0.0
9019,141.5,0.0
9020,142.75,0.0
9021,142.75,0.0
9022,143.5,0.0
9023,143.5,8.0
9024,141.5,8.0
9025,143.5,13.0
9026,143.5,13.0
9027,143.5,11.0
9028,143.5,11.0
9029,142.75,3.0
9030,144.25,3.0
9031,144.25,0.0
9032,142.25,0.0
9033,142.25,4.0
9034,144.25,4.0
9035,144.25,11.0
9036,143.5,11.0
9037,140.25,13.0
9038,140.25,13.0
9039,140.25,18.0
9040,140.25,18.0
9041,135.75,21.0
9042,137.5,21.0
9043,137.5,19.0
9044,139.5,19.0
9045,139.5,16.0
9046,137.0,16.0
9047,137.0,14.0
9048,139.5,14.0
9049,140.75,11.0
9050,140.75,11.0
9051,141.5,7.0
9052,141.5,7.0
9053,142.75,5.0
9054,142.75,5.0
9055,142.75,6.0
9056,142.75,6.0
9057,142.75,10.0
9058,144.25,10.0
9059,145.0,12.0
9060,145.0,12.0
9061,145.0,11.0
9062,145.0,11.0
9063,144.25,10.0
9064,146.25,10.0
9065,146.25,8.0
9066,145.75,8.0
9067,145.75,3.0
9068,146.25,3.0
9069,145.75,0.0
9070,145.75,0.0
9071,146.25,3.0
9072,146.25,3.0
9073,147.0,8.0
9074,147.0,8.0
9075,147.0,12.0
9076,145.75,12.0
9077,145.75,13.0
9078,143.5,13.0
9079,145.75,12.0
9080,145.75,12.0
9081,141.5,10.0
9082,141.5,10.0
9083,142.25,7.0
9084,143.5,7.0
9085,143.5,2.0
9086,142.75,2.0
9087,142.75,3.0
9088,143.5,3.0
9089,141.5,7.0
9090,141.5,7.0
9091,138.25,11.0
9092,138.25,11.0
9093,140.25,12.0
9094,140.75,12.0
9095,140.75,10.0
9096,142.25,10.0
9097,142.25,7.0
9098,142.75,7.0
9099,140.75,4.0
9100,140.75,4.0
9101,142.75,0.0
9102,142.75,0.0
9103,142.75,0.0
9104,142.75,0.0
9105,142.75,0.0
9106,142.75,0.0
9107,142.75,0.0
9108,142.75,0.0
9109,142.75,5.0
9110,142.25,5.0
9111,140.75,9.0
9112,140.75,9.0
9113,142.75,9.0
9114,142.75,9.0
9115,142.75,7.0
9116,142.75,7.0
9117,142.75,5.0
9118,143.5,5.0
9119,143.5,0.0
9120,144.25,0.0
9121,145.75,0.0
9122,145.75,0.0
9123,145.0,1.0
9124,145.0,1.0
9125,145.75,7.0
9126,145.0,7.0
9127,145.0,10.0
9128,145.75,10.0
9129,145.75,10.0
9130,145.75,10.0
9131,145.75,9.0
9132,145.75,9.0
9133,146.25,6.0
9134,146.25,6.0
9135,146.25,4.0
9136,147.0,4.0
9137,147.0,1.0
9138,147.0,1.0
9139,146.25,0.0
9140,146.25,0.0
9141,147.75,0.0
9142,147.75,0.0
9143,147.75,4.0
9144,147.0,4.0
9145,147.0,7.0
9146,145.75,7.0
9147,145.75,8.0
9148,147.0,8.0
9149,145.0,7.0
9150,145.0,7.0
9151,147.0,7.0
9152,145.75,7.0
9153,145.75,7.0
9154,146.25,7.0
9155,146.25,7.0
9156,146.25,7.0
9157,145.75,5.0
9158,145.75,5.0
9159,146.25,4.0
9160,146.25,4.0
9161,146.25,4.0
9162,147.0,4.0
9163,147.0,5.0
9164,147.0,5.0
9165,147.0,7.0
9166,146.25,7.0
9167,145.75,7.0
9168,145.75,7.0
9169,147.0,7.0
9170,147.0,7.0
9171,147.0,7.0
9172,146.25,7.0
9173,146.25,8.0
9174,147.0,8.0
9175,147.75,5.0
9176,147.75,5.0
9177,147.0,4.0
9178,147.0,4.0
9179,147.0,7.0
9180,148.5,7.0
9181,148.5,16.0
9182,147.75,16.0
9183,147.75,23.0
9184,148.5,23.0
9185,148.5,23.0
9186,147.75,23.0
9187,149.25,22.0
9188,148.5,22.0
9189,148.5,24.0
9190,149.25,24.0
9191,149.25,29.0
9192,149.25,29.0
9193,149.25,33.0
9194,149.25,33.0
9195,149.25,37.0
9196,149.25,37.0
9197,149.25,39.0
9198,150.0,39.0
9199,150.0,41.0
9200,150.0,41.0
9201,150.0,42.0
9202,150.0,42.0
9203,150.0,42.0
9204,149.25,42.0
9205,149.25,40.0
9206,150.75,40.0
9207,150.75,39.0
9208,150.75,39.0
9209,150.0,40.0
9210,150.0,40.0
9211,150.0,45.0
9212,150.0,45.0
9213,150.0,47.0
9214,150.75,47.0
9215,150.75,44.0
9216,150.0,44.0
9217,150.0,40.0
9218,150.0,40.0
9219,150.0,38.0
9220,150.0,38.0
9221,150.0,40.0
9222,150.0,40.0
9223,150.0,42.0
9224,150.0,42.0
9225,150.0,42.0
9226,150.0,42.0
9227,149.25,39.0
9228,150.75,39.0
9229,150.75,37.0
9230,150.75,37.0
9231,150.75,36.0
9232,147.75,36.0
9233,150.75,36.0
9234,150.75,36.0
9235,150.0,36.0
9236,150.0,36.0
9237,150.0,37.0
9238,150.75,37.0
9239,150.75,40.0
9240,150.75,40.0
9241,150.75,45.0
9242,150.75,45.0
9243,150.75,47.0
9244,151.5,47.0
9245,151.5,46.0
9246,151.5,46.0
9247,151.5,45.0
9248,150.75,45.0
9249,151.5,44.0
9250,151.5,44.0
9251,151.5,43.0
9252,152.25,43.0
9253,152.25,42.0
9254,151.5,42.0
9255,151.5,44.0
9256,151.5,44.0
9257,151.5,46.0
9258,151.5,46.0
9259,151.5,47.0
9260,151.5,47.0
9261,151.5,45.0
9262,151.5,45.0
9263,151.5,42.0
9264,151.5,42.0
9265,152.25,39.0
9266,152.25,39.0
9267,151.5,39.0
9268,153.0,39.0
9269,153.0,40.0
9270,152.25,40.0
9271,152.25,43.0
9272,152.25,43.0
9273,152.25,47.0
9274,152.25,47.0
9275,152.25,47.0
9276,153.0,47.0
9277,153.0,44.0
9278,152.25,44.0
9279,152.25,42.0
9280,152.25,42.0
9281,153.0,42.0
9282,153.0,42.0
9283,153.0,45.0
9284,152.25,45.0
9285,151.5,50.0
9286,151.5,50.0
9287,153.0,52.0
9288,153.0,52.0
9289,153.0,50.0
9290,152.25,50.0
9291,152.25,46.0
9292,153.0,46.0
9293,151.5,44.0
9294,151.5,44.0
9295,153.0,42.0
9296,150.75,42.0
9297,150.75,42.0
9298,152.25,42.0
9299,152.25,43.0
9300,151.5,43.0
9301,151.5,43.0
9302,151.5,43.0
9303,150.75,44.0
9304,150.0,44.0
9305,150.0,46.0
9306,150.0,46.0
9307,150.0,47.0
9308,150.0,47.0
9309,150.75,47.0
9310,150.75,47.0
9311,150.0,46.0
9312,150.75,46.0
9313,150.75,43.0
9314,150.0,43.0
9315,150.0,41.0
9316,151.5,41.0
9317,150.0,40.0
9318,150.0,40.0
9319,150.0,39.0
9320,151.5,39.0
9321,151.5,39.0
9322,150.75,39.0
9323,150.75,41.0
9324,150.0,41.0
9325,151.5,40.0
9326,151.5,40.0
9327,150.0,37.0
9328,150.75,37.0
9329,150.75,39.0
9330,150.75,39.0
9331,150.75,43.0
9332,150.75,43.0
9333,150.0,44.0
9334,150.0,44.0
9335,149.25,44.0
9336,150.0,44.0
9337,150.0,49.0
9338,149.25,49.0
9339,149.25,51.0
9340,150.0,51.0
9341,150.0,48.0
9342,150.0,48.0
9343,149.25,44.0
9344,149.25,44.0
9345,149.25,44.0
9346,149.25,44.0
9347,149.25,51.0
9348,147.75,51.0
9349,147.75,54.0
9350,149.25,54.0
9351,148.5,50.0
9352,148.5,50.0
9353,148.5,45.0
9354,148.5,45.0
9355,148.5,39.0
9356,148.5,39.0
9357,148.5,40.0
9358,147.75,40.0
9359,147.75,49.0
9360,147.75,49.0
9361,147.75,54.0
9362,148.5,54.0
9363,148.5,52.0
9364,148.5,52.0
9365,148.5,48.0
9366,147.0,48.0
9367,145.0,44.0
9368,145.0,44.0
9369,144.25,46.0
9370,145.75,46.0
9371,145.75,50.0
9372,144.25,50.0
9373,144.25,51.0
9374,142.25,51.0
9375,144.25,48.0
9376,144.25,48.0
9377,142.25,42.0
9378,142.25,42.0
9379,142.25,41.0
9380,140.75,41.0
9381,140.75,44.0
9382,142.25,44.0
9383,142.25,49.0
9384,142.25,49.0
9385,142.75,48.0
9386,142.75,48.0
9387,143.5,42.0
9388,143.5,42.0
9389,142.25,35.0
9390,142.25,35.0
9391,142.75,32.0
9392,143.5,32.0
9393,143.5,33.0
9394,143.5,33.0
9395,143.5,37.0
9396,142.75,37.0
9397,142.75,39.0
9398,143.5,39.0
9399,142.25,36.0
9400,142.25,36.0
9401,142.75,29.0
9402,142.25,29.0
9403,142.25,23.0
9404,141.5,23.0
9405,141.5,22.0
9406,142.25,22.0
9407,141.5,29.0
9408,141.5,29.0
9409,141.5,33.0
9410,142.25,33.0
9411,142.75,28.0
9412,143.5,28.0
9413,143.5,21.0
9414,143.5,21.0
9415,143.5,21.0
9416,144.25,21.0
9417,143.5,26.0
9418,143.5,26.0
9419,144.25,30.0
9420,144.25,30.0
9421,144.25,26.0
9422,143.5,26.0
9423,143.5,21.0
9424,144.25,21.0
9425,144.25,20.0
9426,143.5,20.0
9427,142.25,20.0
9428,142.25,20.0
9429,142.75,23.0
9430,142.75,23.0
9431,143.5,27.0
9432,142.75,27.0
9433,142.75,23.0
9434,144.25,23.0
9435,144.25,19.0
9436,142.75,19.0
9437,142.75,18.0
9438,141.5,18.0
9439,143.5,21.0
9440,143.5,21.0
9441,143.5,25.0
9442,143.5,25.0
9443,141.5,24.0
9444,140.75,24.0
9445,140.75,20.0
9446,140.75,20.0
9447,140.75,21.0
9448,142.25,21.0
9449,142.75,23.0
9450,142.75,23.0
9451,142.75,26.0
9452,142.75,26.0
9453,142.25,30.0
9454,143.5,30.0
9455,143.5,28.0
9456,140.75,28.0
9457,140.75,25.0
9458,139.5,25.0
9459,140.75,25.0
9460,140.75,25.0
9461,139.5,29.0
9462,139.5,29.0
9463,137.5,35.0
9464,137.5,35.0
9465,139.5,33.0
9466,139.5,33.0
9467,139.5,26.0
9468,138.25,26.0
9469,138.25,23.0
9470,137.5,23.0
9471,137.5,27.0
9472,138.25,27.0
9473,139.0,34.0
9474,139.0,34.0
9475,137.5,37.0
9476,137.5,37.0
9477,137.5,33.0
9478,137.5,33.0
9479,137.0,25.0
9480,137.5,25.0
9481,137.5,22.0
9482,139.5,22.0
9483,139.5,26.0
9484,139.5,26.0
9485,139.5,34.0
9486,136.25,34.0
9487,137.5,34.0
9488,137.5,34.0
9489,137.0,29.0
9490,137.0,29.0
9491,139.0,25.0
9492,137.5,25.0
9493,137.5,25.0
9494,136.25,25.0
9495,136.25,30.0
9496,136.25,30.0
9497,136.25,36.0
9498,136.25,36.0
9499,136.25,33.0
9500,138.25,33.0
9501,139.0,25.0
9502,139.0,25.0
9503,137.5,23.0
9504,137.5,23.0
9505,136.25,27.0
9506,139.5,27.0
9507,139.5,33.0
9508,139.5,33.0
9509,139.5,36.0
9510,139.5,36.0
9511,139.5,32.0
9512,137.5,32.0
9513,139.0,26.0
9514,139.0,26.0
9515,139.0,23.0
9516,139.0,23.0
9517,139.5,24.0
9518,139.5,24.0
9519,137.5,30.0
9520,139.5,30.0
9521,139.5,35.0
9522,140.25,35.0
9523,140.25,31.0
9524,140.25,31.0
9525,139.5,24.0
9526,139.5,24.0
9527,139.0,21.0
9528,139.0,21.0
9529,140.25,23.0
9530,140.25,23.0
9531,139.5,28.0
9532,140.25,28.0
9533,140.25,32.0
9534,140.75,32.0
9535,140.75,29.0
9536,140.75,29.0
9537,139.0,23.0
9538,139.0,23.0
9539,137.5,24.0
9540,137.5,24.0
9541,139.5,29.0
9542,139.5,29.0
9543,140.25,32.0
9544,140.75,32.0
9545,140.75,28.0
9546,139.5,28.0
9547,139.5,22.0
9548,139.5,22.0
9549,140.75,18.0
9550,140.75,18.0
9551,140.75,11.0
9552,140.75,11.0
9553,142.25,6.0
9554,142.25,6.0
9555,140.75,11.0
9556,141.5,11.0
9557,141.5,20.0
9558,140.25,20.0
9559,140.25,23.0
9560,140.25,23.0
9561,140.25,23.0
9562,140.25,23.0
9563,140.25,20.0
9564,140.25,20.0
9565,138.25,16.0
9566,138.25,16.0
9567,137.5,11.0
9568,138.25,11.0
9569,138.25,6.0
9570,137.0,6.0
9571,137.0,2.0
9572,139.0,2.0
9573,139.0,1.0
9574,137.5,1.0
9575,139.0,4.0
9576,139.0,4.0
9577,140.25,7.0
9578,140.25,7.0
9579,140.75,9.0
9580,138.25,9.0
9581,138.25,12.0
9582,140.75,12.0
9583,140.75,17.0
9584,141.5,17.0
9585,141.5,23.0
9586,141.5,23.0
9587,142.25,24.0
9588,142.25,24.0
9589,142.75,22.0
9590,142.75,22.0
9591,142.25,23.0
9592,142.75,23.0
9593,142.75,22.0
9594,142.75,22.0
9595,142.75,22.0
9596,142.75,22.0
9597,143.5,25.0
9598,143.5,25.0
9599,142.75,28.0
9600,142.75,28.0
9601,144.25,29.0
9602,143.5,29.0
9603,143.5,27.0
9604,143.5,27.0
9605,143.5,23.0
9606,142.75,23.0
9607,143.5,21.0
9608,143.5,21.0
9609,142.25,21.0
9610,142.25,21.0
9611,139.0,21.0
9612,140.75,21.0
9613,140.75,23.0
9614,140.75,23.0
9615,140.75,26.0
9616,140.75,26.0
9617,140.75,28.0
9618,141.5,28.0
9619,141.5,27.0
9620,141.5,27.0
9621,140.75,24.0
9622,140.75,24.0
9623,141.5,24.0
9624,142.75,24.0
9625,142.75,25.0
9626,142.75,25.0
9627,142.75,26.0
9628,143.5,26.0
9629,142.75,27.0
9630,142.75,27.0
9631,143.5,27.0
9632,143.5,27.0
9633,144.25,27.0
9634,144.25,27.0
9635,144.25,26.0
9636,145.0,26.0
9637,145.0,26.0
9638,145.0,26.0
9639,145.0,27.0
9640,145.0,27.0
9641,145.75,27.0
9642,145.75,27.0
9643,145.0,27.0
9644,143.5,27.0
9645,143.5,26.0
9646,145.75,26.0
9647,145.75,25.0
9648,145.75,25.0
9649,145.75,23.0
9650,145.75,23.0
9651,145.75,23.0
9652,145.75,23.0
9653,145.75,26.0
9654,146.25,26.0
9655,146.25,29.0
9656,146.25,29.0
9657,145.75,31.0
9658,145.75,31.0
9659,146.25,32.0
9660,146.25,32.0
9661,147.0,33.0
9662,147.0,33.0
9663,147.0,31.0
9664,146.25,31.0
9665,146.25,27.0
9666,147.0,27.0
9667,146.25,25.0
9668,146.25,25.0
9669,147.0,25.0
9670,147.0,25.0
9671,147.0,25.0
9672,147.0,25.0
9673,147.0,22.0
9674,146.25,22.0
9675,146.25,22.0
9676,146.25,22.0
9677,146.25,22.0
9678,146.25,22.0
9679,145.0,22.0
9680,145.75,22.0
9681,145.75,22.0
9682,146.25,22.0
9683,146.25,22.0
9684,146.25,22.0
9685,143.5,21.0
9686,143.5,21.0
9687,145.75,20.0
9688,145.75,20.0
9689,145.0,21.0
9690,145.0,21.0
9691,145.0,21.0
9692,145.0,21.0
9693,145.0,22.0
9694,145.0,22.0
9695,144.25,25.0
9696,144.25,25.0
9697,145.0,30.0
9698,145.0,30.0
9699,145.0,34.0
9700,145.0,34.0
9701,145.0,33.0
9702,145.0,33.0
9703,145.0,28.0
9704,145.75,28.0
9705,146.25,24.0
9706,146.25,24.0
9707,145.75,23.0
9708,147.0,23.0
9709,147.0,25.0
9710,147.0,25.0
9711,147.0,26.0
9712,147.0,26.0
9713,147.0,26.0
9714,147.0,26.0
9715,146.25,27.0
9716,146.25,27.0
9717,147.0,30.0
9718,147.0,30.0
9719,147.0,32.0
9720,147.0,32.0
9721,147.0,33.0
9722,147.75,33.0
9723,147.0,36.0
9724,147.0,36.0
9725,147.0,40.0
9726,147.75,40.0
9727,147.75,40.0
9728,147.0,40.0
9729,147.0,36.0
9730,147.75,36.0
9731,145.75,35.0
9732,145.75,35.0
9733,146.25,39.0
9734,146.25,39.0
9735,145.75,45.0
9736,147.0,45.0
9737,147.0,45.0
9738,145.75,45.0
9739,145.75,43.0
9740,147.0,43.0
9741,147.0,43.0
9742,147.0,43.0
9743,145.75,44.0
9744,146.25,44.0
9745,146.25,43.0
9746,145.75,43.0
9747,145.75,45.0
9748,145.75,45.0
9749,145.75,45.0
9750,145.75,45.0
9751,145.0,39.0
9752,145.0,39.0
9753,145.0,33.0
9754,143.5,33.0
9755,143.5,33.0
9756,144.25,33.0
9757,144.25,38.0
9758,143.5,38.0
9759,142.75,40.0
9760,142.75,40.0
9761,142.75,38.0
9762,142.75,38.0
9763,142.25,36.0
9764,141.5,36.0
9765,141.5,34.0
9766,142.75,34.0
9767,142.75,33.0
9768,140.75,33.0
9769,140.75,35.0
9770,141.5,35.0
9771,140.75,39.0
9772,140.75,39.0
9773,139.0,41.0
9774,139.0,41.0
9775,139.0,35.0
9776,137.0,35.0
9777,137.0,28.0
9778,138.25,28.0
9779,138.25,25.0
9780,138.25,25.0
9781,138.25,27.0
9782,138.25,27.0
9783,137.5,33.0
9784,137.5,33.0
9785,139.0,39.0
9786,139.0,39.0
9787,137.5,40.0
9788,137.5,40.0
9789,137.5,34.0
9790,138.25,34.0
9791,138.25,25.0
9792,137.5,25.0
9793,137.5,23.0
9794,137.5,23.0
9795,137.5,25.0
9796,138.25,25.0
9797,138.25,31.0
9798,138.25,31.0
9799,139.5,37.0
9800,139.5,37.0
9801,137.5,38.0
9802,139.5,38.0
9803,139.5,32.0
9804,138.25,32.0
9805,138.25,29.0
9806,139.5,29.0
9807,139.5,30.0
9808,136.25,30.0
9809,135.25,32.0
9810,135.25,32.0
9811,137.5,36.0
9812,137.5,36.0
9813,137.0,39.0
9814,137.0,39.0
9815,139.0,39.0
9816,139.0,39.0
9817,139.0,30.0
9818,140.25,30.0
9819,140.25,23.0
9820,139.0,23.0
9821,139.0,22.0
9822,136.25,22.0
9823,139.0,25.0
9824,139.0,25.0
9825,135.75,28.0
9826,135.75,28.0
9827,136.25,30.0
9828,136.25,30.0
9829,136.25,28.0
9830,136.25,28.0
9831,136.25,24.0
9832,138.25,24.0
9833,138.25,17.0
9834,138.25,17.0
9835,138.25,14.0
9836,139.0,14.0
9837,138.25,18.0
9838,138.25,18.0
9839,140.25,24.0
9840,140.25,24.0
9841,139.5,29.0
9842,139.5,29.0
9843,139.5,31.0
9844,137.5,31.0
9845,137.5,32.0
9846,137.5,32.0
9847,137.5,32.0
9848,137.0,32.0
9849,137.0,28.0
9850,134.5,28.0
9851,137.0,22.0
9852,137.0,22.0
9853,135.75,20.0
9854,135.75,20.0
9855,136.25,24.0
9856,136.25,24.0
9857,134.5,28.0
9858,135.75,28.0
9859,135.75,27.0
9860,136.25,27.0
9861,136.25,24.0
9862,137.0,24.0
9863,137.0,22.0
9864,137.0,22.0
9865,137.0,21.0
9866,135.75,21.0
9867,135.75,21.0
9868,135.75,21.0
9869,136.25,24.0
9870,136.25,24.0
9871,134.5,27.0
9872,135.25,27.0
9873,135.25,27.0
9874,134.0,27.0
9875,134.0,25.0
9876,134.5,25.0
9877,134.5,26.0
9878,135.25,26.0
9879,135.25,28.0
9880,134.5,28.0
9881,133.25,26.0
9882,133.25,26.0
9883,134.0,24.0
9884,134.0,24.0
9885,134.5,24.0
9886,134.5,24.0
9887,134.5,25.0
9888,134.5,25.0
9889,134.0,26.0
9890,134.0,26.0
9891,134.0,25.0
9892,135.75,25.0
9893,135.75,24.0
9894,134.5,24.0
9895,134.5,24.0
9896,135.75,24.0
9897,135.75,23.0
9898,135.75,23.0
9899,137.0,24.0
9900,137.0,24.0
9901,134.5,25.0
9902,134.5,25.0
9903,135.75,24.0
9904,135.75,24.0
9905,135.75,23.0
9906,137.0,23.0
9907,137.0,22.0
9908,135.25,22.0
9909,135.25,22.0
9910,137.0,22.0
9911,137.0,23.0
9912,136.25,23.0
9913,135.75,24.0
9914,135.75,24.0
9915,134.0,22.0
9916,134.0,22.0
9917,135.25,18.0
9918,135.25,18.0
9919,135.25,18.0
9920,135.25,18.0
9921,135.25,19.0
9922,135.75,19.0
9923,135.75,21.0
9924,136.25,21.0
9925,136.25,23.0
9926,135.75,23.0
9927,137.0,26.0
9928,137.0,26.0
9929,137.0,25.0
9930,137.0,25.0
9931,135.75,24.0
9932,135.75,24.0
9933,136.25,24.0
9934,136.25,24.0
9935,135.75,25.0
9936,135.75,25.0
9937,135.75,26.0
9938,134.0,26.0
9939,134.0,28.0
9940,134.5,28.0
9941,134.5,28.0
9942,135.25,28.0
9943,135.75,28.0
9944,135.75,28.0
9945,135.75,31.0
9946,135.75,31.0
9947,135.75,34.0
9948,135.75,34.0
9949,137.5,38.0
9950,139.0,38.0
9951,139.0,40.0
9952,138.25,40.0
9953,138.25,40.0
9954,139.5,40.0
9955,139.5,39.0
9956,138.25,39.0
9957,139.5,37.0
9958,139.5,37.0
9959,137.5,34.0
9960,137.5,34.0
9961,137.5,32.0
9962,137.5,32.0
9963,135.75,29.0
9964,135.25,29.0
9965,135.25,24.0
9966,135.25,24.0
9967,135.25,19.0
9968,135.25,19.0
9969,135.25,17.0
9970,135.75,17.0
9971,137.0,18.0
9972,137.0,18.0
9973,136.25,19.0
9974,136.25,19.0
9975,137.5,23.0
9976,137.5,23.0
9977,138.25,25.0
9978,139.5,25.0
9979,139.5,24.0
9980,140.25,24.0
9981,140.25,23.0
9982,135.75,23.0
9983,135.75,27.0
9984,137.0,27.0
9985,137.5,31.0
9986,137.5,31.0
9987,137.5,35.0
9988,137.5,35.0
9989,139.5,40.0
9990,139.5,40.0
9991,137.5,43.0
9992,139.5,43.0
9993,139.5,43.0
9994,139.5,43.0
9995,139.5,42.0
9996,139.5,42.0
9997,139.5,41.0
9998,140.25,41.0
9999,140.25,41.0
10000,140.25,41.0
10001,138.25,40.0
10002,138.25,40.0
10003,139.5,38.0
10004,141.5,38.0
10005,141.5,37.0
10006,140.75,37.0
10007,140.75,35.0
10008,142.25,35.0
10009,142.25,31.0
10010,142.25,31.0
10011,140.75,27.0
10012,140.75,27.0
10013,140.75,27.0
10014,142.75,27.0
10015,142.25,27.0
10016,141.5,27.0
10017,141.5,26.0
10018,142.75,26.0
10019,142.75,22.0
10020,142.75,22.0
10021,143.5,18.0
10022,143.5,18.0
10023,142.75,14.0
10024,142.75,14.0
10025,142.75,10.0
10026,142.75,10.0
10027,142.75,4.0
10028,142.75,4.0
10029,142.75,0.0
10030,143.5,0.0
10031,143.5,0.0
10032,143.5,0.0
10033,144.25,0.0
10034,144.25,0.0
10035,144.25,0.0
10036,144.25,0.0
10037,144.25,0.0
10038,143.5,0.0
10039,143.5,0.0
10040,140.75,0.0
10041,129.75,0.0
10042,129.75,0.0
10043,156.25,0.0
10044,156.25,0.0
10045,142.75,0.0
10046,143.5,0.0
10047,143.5,0.0
10048,144.25,0.0
10049,144.25,0.0
10050,145.0,0.0
10051,144.25,0.0
10052,144.25,0.0
10053,139.0,0.0
10054,139.0,0.0
10055,139.0,0.0
10056,139.0,0.0
10057,138.25,11.0
10058,137.5,11.0
10059,137.5,23.0
10060,135.75,23.0
10061,135.75,27.0
10062,137.5,27.0
10063,137.5,24.0
10064,139.0,24.0
10065,140.75,19.0
10066,140.75,19.0
10067,140.25,18.0
10068,140.25,18.0
10069,140.25,18.0
10070,141.5,18.0
10071,141.5,17.0
10072,141.5,17.0
10073,141.5,16.0
10074,140.25,16.0
10075,142.75,15.0
10076,142.75,15.0
10077,142.75,18.0
10078,142.75,18.0
10079,142.75,22.0
10080,141.5,22.0
10081,141.5,22.0
10082,142.75,22.0
10083,142.75,18.0
10084,143.5,18.0
10085,143.5,16.0
10086,142.25,16.0
10087,143.5,17.0
10088,143.5,17.0
10089,142.25,17.0
10090,142.25,17.0
10091,141.5,19.0
10092,142.25,19.0
10093,142.25,22.0
10094,141.5,22.0
10095,141.5,22.0
10096,142.25,22.0
10097,140.75,18.0
10098,140.75,18.0
10099,142.75,16.0
10100,142.75,16.0
10101,142.75,17.0
10102,142.75,17.0
10103,142.75,18.0
10104,143.5,18.0
10105,143.5,19.0
10106,143.5,19.0
10107,143.5,22.0
10108,143.5,22.0
10109,145.0,23.0
10110,145.0,23.0
10111,143.5,19.0
10112,144.25,19.0
10113,144.25,18.0
10114,142.75,18.0
10115,142.75,19.0
10116,143.5,19.0
10117,141.5,19.0
10118,141.5,19.0
10119,143.5,20.0
10120,143.5,20.0
10121,143.5,23.0
10122,144.25,23.0
10123,143.5,22.0
10124,143.5,22.0
10125,143.5,18.0
10126,143.5,18.0
10127,144.25,17.0
10128,144.25,17.0
10129,144.25,16.0
10130,145.0,16.0
10131,145.0,17.0
10132,144.25,17.0
10133,144.25,20.0
10134,145.0,20.0
10135,145.0,21.0
10136,143.5,21.0
10137,142.75,20.0
10138,142.75,20.0
10139,143.5,19.0
10140,143.5,19.0
10141,143.5,18.0
10142,142.75,18.0
10143,142.75,18.0
10144,143.5,18.0
10145,143.5,20.0
10146,144.25,20.0
10147,144.25,23.0
10148,144.25,23.0
10149,145.0,21.0
10150,145.0,21.0
10151,145.75,19.0
10152,145.75,19.0
10153,145.75,18.0
10154,145.75,18.0
10155,145.75,17.0
10156,144.25,17.0
10157,145.75,19.0
10158,145.75,19.0
10159,145.0,22.0
10160,145.0,22.0
10161,144.25,22.0
10162,142.75,22.0
10163,142.75,19.0
10164,145.0,19.0
10165,145.0,18.0
10166,143.5,18.0
10167,144.25,18.0
10168,144.25,18.0
10169,144.25,19.0
10170,144.25,19.0
10171,142.75,22.0
10172,144.25,22.0
10173,144.25,26.0
10174,143.5,26.0
10175,143.5,27.0
10176,144.25,27.0
10177,144.25,22.0
10178,144.25,22.0
10179,145.0,16.0
10180,145.0,16.0
10181,145.0,14.0
10182,145.0,14.0
10183,146.25,17.0
10184,146.25,17.0
10185,146.25,22.0
10186,147.0,22.0
10187,146.25,24.0
10188,146.25,24.0
10189,147.75,21.0
10190,147.75,21.0
10191,147.75,15.0
10192,147.75,15.0
10193,147.75,9.0
10194,147.75,9.0
10195,148.5,7.0
10196,148.5,7.0
10197,148.5,9.0
10198,148.5,9.0
10199,148.5,9.0
10200,149.25,9.0
10201,149.25,6.0
10202,149.25,6.0
10203,150.0,4.0
10204,150.0,4.0
10205,150.0,4.0
10206,150.0,4.0
10207,150.75,5.0
10208,149.25,5.0
10209,149.25,8.0
10210,149.25,8.0
10211,149.25,8.0
10212,149.25,8.0
10213,148.5,4.0
10214,148.5,4.0
10215,149.25,0.0
10216,149.25,0.0
10217,149.25,0.0
10218,147.0,0.0
10219,147.0,3.0
10220,147.75,3.0
10221,147.75,7.0
10222,145.0,7.0
10223,147.75,9.0
10224,146.25,9.0
10225,146.25,7.0
10226,145.0,7.0
10227,145.0,5.0
10228,145.75,5.0
10229,144.25,3.0
10230,144.25,3.0
10231,144.25,4.0
10232,144.25,4.0
10233,144.25,7.0
10234,142.75,7.0
10235,142.75,10.0
10236,145.0,10.0
10237,145.0,9.0
10238,144.25,9.0
10239,143.5,6.0
10240,143.5,6.0
10241,143.5,3.0
10242,144.25,3.0
10243,142.25,4.0
10244,139.0,4.0
10245,139.0,8.0
10246,140.75,8.0
10247,140.75,15.0
10248,140.75,15.0
10249,140.75,23.0
10250,140.75,23.0
10251,140.25,28.0
10252,140.25,28.0
10253,140.75,33.0
10254,140.75,33.0
10255,140.75,38.0
10256,140.75,38.0
10257,140.75,40.0
10258,139.0,40.0
10259,139.0,36.0
10260,139.5,36.0
10261,139.5,30.0
10262,142.25,30.0
10263,140.25,27.0
10264,140.25,27.0
10265,139.5,22.0
10266,139.5,22.0
10267,140.25,16.0
10268,140.75,16.0
10269,140.75,13.0
10270,140.25,13.0
10271,140.25,12.0
10272,141.5,12.0
10273,141.5,17.0
10274,140.75,17.0
10275,138.25,24.0
10276,138.25,24.0
10277,139.5,26.0
10278,139.5,26.0
10279,142.25,23.0
10280,140.75,23.0
10281,140.75,19.0
10282,140.25,19.0
10283,140.25,13.0
10284,140.75,13.0
10285,140.75,9.0
10286,140.75,9.0
10287,138.25,9.0
10288,138.25,9.0
10289,138.25,9.0
10290,139.0,9.0
10291,137.5,7.0
10292,138.25,7.0
10293,138.25,1.0
10294,139.0,1.0
10295,139.0,0.0
10296,137.0,0.0
10297,137.0,0.0
10298,137.0,0.0
10299,139.0,0.0
10300,139.0,0.0
10301,139.5,0.0
10302,139.5,0.0
10303,139.5,0.0
10304,139.5,0.0
10305,141.5,0.0
10306,140.25,0.0
10307,140.25,0.0
10308,141.5,0.0
10309,141.5,0.0
10310,141.5,0.0
10311,141.5,0.0
10312,141.5,0.0
10313,141.5,0.0
10314,141.5,0.0
10315,137.5,0.0
10316,137.5,0.0
10317,137.5,0.0
10318,139.0,0.0
10319,139.0,0.0
10320,137.5,0.0
10321,137.5,0.0
10322,138.25,0.0
10323,138.25,0.0
10324,138.25,0.0
10325,137.5,0.0
10326,137.5,0.0
10327,138.25,0.0
10328,138.25,0.0
10329,138.25,0.0
10330,137.5,0.0
10331,137.5,0.0
10332,139.5,0.0
10333,139.5,0.0
10334,140.75,0.0
10335,140.75,0.0
10336,137.5,0.0
10337,137.5,8.0
10338,137.5,8.0
10339,139.0,14.0
10340,139.0,14.0
10341,139.0,13.0
10342,139.0,13.0
10343,138.25,11.0
10344,138.25,11.0
10345,138.25,15.0
10346,139.5,15.0
10347,139.5,19.0
10348,139.0,19.0
10349,140.25,17.0
10350,140.25,17.0
10351,139.5,16.0
10352,139.5,16.0
10353,139.0,13.0
10354,139.0,13.0
10355,141.5,13.0
10356,140.75,13.0
10357,140.75,17.0
10358,136.25,17.0
10359,136.25,16.0
10360,136.25,16.0
10361,136.25,10.0
10362,133.25,10.0
10363,134.0,8.0
10364,134.0,8.0
10365,132.75,9.0
10366,132.75,9.0
10367,132.25,12.0
10368,132.25,12.0
10369,134.0,16.0
10370,134.0,16.0
10371,135.25,21.0
10372,136.25,21.0
10373,136.25,26.0
10374,134.5,26.0
10375,134.5,31.0
10376,137.0,31.0
10377,137.0,38.0
10378,138.25,38.0
10379,136.25,41.0
10380,136.25,41.0
10381,134.5,44.0
10382,134.5,44.0
10383,134.0,46.0
10384,134.0,46.0
10385,132.75,43.0
10386,132.75,43.0
10387,117.75,33.0
10388,117.75,33.0
10389,126.0,21.0
10390,126.0,21.0
10391,131.0,11.0
10392,128.75,11.0
10393,128.75,0.0
10394,133.25,0.0
10395,133.25,0.0
10396,133.25,0.0
10397,133.25,0.0
10398,134.0,0.0
10399,134.0,0.0
10400,136.25,0.0
10401,138.25,6.0
10402,138.25,6.0
10403,138.25,4.0
10404,138.25,4.0
10405,139.0,0.0
10406,139.5,0.0
10407,139.5,0.0
10408,137.5,0.0
10409,137.5,0.0
10410,137.0,0.0
10411,137.0,0.0
10412,136.25,0.0
10413,139.5,0.0
10414,139.5,0.0
10415,139.5,0.0
10416,139.5,0.0
10417,139.0,0.0
10418,139.0,0.0
10419,137.5,0.0
10420,139.5,0.0
10421,139.5,0.0
10422,140.25,0.0
10423,140.25,2.0
10424,137.5,2.0
10425,137.5,1.0
10426,139.5,1.0
10427,139.5,0.0
10428,139.5,0.0
10429,139.5,0.0
10430,139.5,0.0
10431,139.0,0.0
10432,140.25,0.0
10433,140.25,0.0
10434,138.25,0.0
10435,138.25,0.0
10436,139.0,0.0
10437,139.0,0.0
10438,139.5,0.0
10439,139.0,0.0
10440,139.0,0.0
10441,139.0,0.0
10442,139.0,0.0
10443,139.5,0.0
10444,140.75,0.0
10445,140.75,0.0
10446,140.25,0.0
10447,140.25,0.0
10448,140.75,0.0
10449,140.75,0.0
10450,141.5,0.0
10451,142.75,0.0
10452,142.75,0.0
10453,142.75,0.0
10454,142.75,0.0
10455,143.5,0.0
10456,142.75,0.0
10457,142.75,0.0
10458,144.25,0.0
10459,144.25,0.0
10460,142.75,0.0
10461,144.25,19.0
10462,144.25,19.0
10463,144.25,40.0
10464,144.25,40.0
10465,144.25,36.0
10466,140.75,36.0
10467,140.75,25.0
10468,141.5,25.0
10469,141.5,17.0
10470,139.0,17.0
10471,139.0,11.0
10472,139.0,11.0
10473,140.25,11.0
10474,140.25,11.0
10475,140.25,13.0
10476,140.25,13.0
10477,140.25,13.0
10478,140.25,13.0
10479,140.25,11.0
10480,140.75,11.0
10481,140.75,10.0
10482,139.5,10.0
10483,140.25,11.0
10484,140.25,11.0
10485,140.25,12.0
10486,140.25,12.0
10487,140.25,13.0
10488,140.25,13.0
10489,140.75,15.0
10490,140.25,15.0
10491,140.25,20.0
10492,140.75,20.0
10493,140.75,29.0
10494,140.75,29.0
10495,141.5,36.0
10496,141.5,36.0
10497,142.25,36.0
10498,142.25,36.0
10499,142.25,32.0
10500,141.5,32.0
10501,141.5,33.0
10502,142.75,33.0
10503,142.75,31.0
10504,143.5,31.0
10505,143.5,25.0
10506,142.75,25.0
10507,143.5,20.0
10508,143.5,20.0
10509,143.5,17.0
10510,143.5,17.0
10511,141.5,16.0
10512,137.0,16.0
10513,137.0,19.0
10514,140.25,19.0
10515,140.25,22.0
10516,139.5,22.0
10517,140.25,22.0
10518,140.25,22.0
10519,139.5,21.0
10520,139.5,21.0
10521,139.0,20.0
10522,139.0,20.0
10523,140.25,19.0
10524,140.75,19.0
10525,140.75,18.0
10526,142.25,18.0
10527,142.25,18.0
10528,142.25,18.0
10529,142.75,19.0
10530,142.75,19.0
10531,143.5,18.0
10532,143.5,18.0
10533,142.75,17.0
10534,142.75,17.0
10535,142.75,16.0
10536,144.25,16.0
10537,144.25,15.0
10538,144.25,15.0
10539,145.75,14.0
10540,145.75,14.0
10541,145.0,13.0
10542,145.0,13.0
10543,145.75,14.0
10544,145.0,14.0
10545,145.0,15.0
10546,145.75,15.0
10547,145.75,17.0
10548,145.0,17.0
10549,145.0,19.0
10550,145.0,19.0
10551,145.0,20.0
10552,145.0,20.0
10553,143.5,22.0
10554,143.5,22.0
10555,143.5,24.0
10556,141.5,24.0
10557,141.5,25.0
10558,142.75,25.0
10559,142.25,24.0
10560,142.25,24.0
10561,142.75,24.0
10562,142.75,24.0
10563,143.5,24.0
10564,142.75,24.0
10565,142.75,24.0
10566,143.5,24.0
10567,143.5,24.0
10568,144.25,24.0
10569,143.5,24.0
10570,143.5,24.0
10571,143.5,27.0
10572,143.5,27.0
10573,143.5,27.0
10574,144.25,27.0
10575,144.25,25.0
10576,144.25,25.0
10577,144.25,24.0
10578,142.75,24.0
10579,143.5,25.0
10580,143.5,25.0
10581,143.5,25.0
10582,142.75,25.0
10583,143.5,25.0
10584,143.5,25.0
10585,143.5,27.0
10586,143.5,27.0
10587,143.5,32.0
10588,143.5,32.0
10589,142.75,36.0
10590,142.75,36.0
10591,142.25,36.0
10592,142.25,36.0
10593,141.5,33.0
10594,141.5,33.0
10595,142.25,30.0
10596,142.25,30.0
10597,142.25,27.0
10598,142.75,27.0
10599,142.75,25.0
10600,141.5,25.0
10601,142.75,23.0
10602,142.75,23.0
10603,142.75,23.0
10604,142.75,23.0
10605,142.75,22.0
10606,143.5,22.0
10607,143.5,22.0
10608,142.25,22.0
10609,142.25,22.0
10610,140.25,22.0
10611,142.75,22.0
10612,142.75,22.0
10613,142.75,24.0
10614,142.25,24.0
10615,142.75,25.0
10616,140.75,25.0
10617,140.75,24.0
10618,140.75,24.0
10619,140.75,22.0
10620,139.0,22.0
10621,139.0,22.0
10622,140.25,22.0
10623,140.75,25.0
10624,140.75,25.0
10625,140.25,28.0
10626,140.25,28.0
10627,141.5,27.0
10628,141.5,27.0
10629,141.5,22.0
10630,141.5,22.0
10631,141.5,21.0
10632,141.5,21.0
10633,141.5,23.0
10634,142.25,23.0
10635,140.75,24.0
10636,140.75,24.0
10637,140.75,23.0
10638,140.25,23.0
10639,139.0,20.0
10640,139.5,20.0
10641,139.5,18.0
10642,140.25,18.0
10643,140.25,21.0
10644,140.25,21.0
10645,140.25,26.0
10646,137.5,26.0
10647,138.25,30.0
10648,138.25,30.0
10649,139.0,29.0
10650,139.0,29.0
10651,137.0,24.0
10652,139.5,24.0
10653,139.5,21.0
10654,138.25,21.0
10655,138.25,24.0
10656,139.5,24.0
10657,139.5,29.0
10658,140.25,29.0
10659,140.75,30.0
10660,140.75,30.0
10661,139.5,26.0
10662,139.5,26.0
10663,140.25,21.0
10664,140.25,21.0
10665,140.25,19.0
10666,140.25,19.0
10667,140.25,24.0
10668,140.25,24.0
10669,140.25,28.0
10670,140.75,28.0
10671,139.0,27.0
10672,139.0,27.0
10673,140.25,22.0
10674,140.25,22.0
10675,139.0,17.0
10676,139.0,17.0
10677,137.5,16.0
10678,140.25,16.0
10679,140.25,17.0
10680,139.5,17.0
10681,139.5,18.0
10682,140.25,18.0
10683,139.0,19.0
10684,139.0,19.0
10685,140.25,19.0
10686,140.25,19.0
10687,140.25,17.0
10688,140.25,17.0
10689,140.25,17.0
10690,139.0,17.0
10691,139.0,20.0
10692,139.5,20.0
10693,139.5,23.0
10694,138.25,23.0
10695,139.5,27.0
10696,139.5,27.0
10697,139.5,28.0
10698,138.25,28.0
10699,139.0,28.0
10700,139.0,28.0
10701,139.5,27.0
10702,138.25,27.0
10703,138.25,27.0
10704,137.0,27.0
10705,137.0,25.0
10706,139.0,25.0
10707,139.0,23.0
10708,140.25,23.0
10709,140.25,19.0
10710,140.25,19.0
10711,139.5,14.0
10712,139.5,14.0
10713,140.75,10.0
10714,140.75,10.0
10715,140.75,10.0
10716,140.75,10.0
10717,140.75,11.0
10718,142.25,11.0
10719,141.5,12.0
10720,141.5,12.0
10721,140.75,11.0
10722,140.75,11.0
10723,141.5,8.0
10724,141.5,8.0
10725,141.5,7.0
10726,140.25,7.0
10727,140.25,9.0
10728,141.5,9.0
10729,141.5,11.0
10730,141.5,11.0
10731,142.25,12.0
10732,142.25,12.0
10733,142.25,9.0
10734,142.25,9.0
10735,142.25,8.0
10736,142.25,8.0
10737,142.25,9.0
10738,142.75,9.0
10739,142.75,11.0
10740,143.5,11.0
10741,142.75,14.0
10742,142.75,14.0
10743,142.75,15.0
10744,142.75,15.0
10745,142.75,13.0
10746,142.75,13.0
10747,141.5,10.0
10748,143.5,10.0
10749,143.5,9.0
10750,142.25,9.0
10751,142.25,11.0
10752,142.25,11.0
10753,142.25,13.0
10754,140.25,13.0
10755,141.5,12.0
10756,141.5,12.0
10757,140.25,8.0
10758,140.75,8.0
10759,140.75,6.0
10760,140.75,6.0
10761,140.75,7.0
10762,140.75,7.0
10763,140.75,9.0
10764,139.5,9.0
10765,140.75,11.0
10766,140.75,11.0
10767,140.25,13.0
10768,140.25,13.0
10769,140.75,10.0
10770,140.25,10.0
10771,140.25,7.0
10772,140.25,7.0
10773,140.25,7.0
10774,140.25,7.0
10775,141.5,6.0
10776,141.5,6.0
10777,140.75,5.0
10778,140.75,5.0
10779,140.75,4.0
10780,140.75,4.0
10781,142.25,4.0
10782,142.25,4.0
10783,142.25,5.0
10784,142.25,5.0
10785,142.25,6.0
10786,141.5,6.0
10787,143.5,6.0
10788,143.5,6.0
10789,143.5,6.0
10790,143.5,6.0
10791,143.5,5.0
10792,142.75,5.0
10793,142.75,5.0
10794,143.5,5.0
10795,143.5,4.0
10796,142.25,4.0
10797,143.5,4.0
10798,143.5,4.0
10799,142.25,3.0
10800,142.25,3.0
10801,142.25,3.0
10802,141.5,3.0
10803,141.5,3.0
10804,141.5,3.0
10805,141.5,4.0
10806,140.25,4.0
10807,140.25,6.0
10808,140.25,6.0
10809,139.0,10.0
10810,139.0,10.0
10811,139.5,14.0
10812,139.5,14.0
10813,139.0,17.0
10814,139.0,17.0
10815,139.0,18.0
10816,139.0,18.0
10817,139.0,19.0
10818,139.0,19.0
10819,139.0,22.0
10820,140.25,22.0
10821,140.25,24.0
10822,140.25,24.0
10823,140.75,24.0
10824,140.75,24.0
10825,140.75,22.0
10826,141.5,22.0
10827,141.5,20.0
10828,140.75,20.0
10829,140.75,18.0
10830,141.5,18.0
10831,141.5,15.0
10832,142.25,15.0
10833,142.25,15.0
10834,142.25,15.0
10835,143.5,15.0
10836,143.5,15.0
10837,142.75,14.0
10838,142.25,14.0
10839,142.25,12.0
10840,143.5,12.0
10841,143.5,12.0
10842,144.25,12.0
10843,143.5,13.0
10844,143.5,13.0
10845,144.25,15.0
10846,144.25,15.0
10847,143.5,17.0
10848,143.5,17.0
10849,143.5,20.0
10850,143.5,20.0
10851,143.5,22.0
10852,142.75,22.0
10853,142.25,22.0
10854,142.25,22.0
10855,142.25,23.0
10856,142.25,23.0
10857,142.75,23.0
10858,142.75,23.0
10859,142.75,22.0
10860,142.75,22.0
10861,142.75,19.0
10862,140.25,19.0
10863,140.75,16.0
10864,140.75,16.0
10865,140.25,15.0
10866,140.25,15.0
10867,138.25,14.0
10868,138.25,14.0
10869,139.5,14.0
10870,139.5,14.0
10871,139.5,14.0
10872,138.25,14.0
10873,138.25,16.0
10874,139.5,16.0
10875,139.5,17.0
10876,139.0,17.0
10877,139.5,18.0
10878,139.5,18.0
10879,140.75,17.0
10880,140.75,17.0
10881,139.0,17.0
10882,141.5,17.0
10883,141.5,16.0
10884,140.75,16.0
10885,140.75,16.0
10886,141.5,16.0
10887,140.75,16.0
10888,140.75,16.0
10889,140.75,15.0
10890,140.75,15.0
10891,142.25,15.0
10892,142.25,15.0
10893,140.75,15.0
10894,141.5,15.0
10895,141.5,15.0
10896,141.5,15.0
10897,141.5,15.0
10898,142.25,15.0
10899,142.75,15.0
10900,142.75,15.0
10901,142.25,16.0
10902,142.25,16.0
10903,140.25,16.0
10904,140.75,16.0
10905,140.75,16.0
10906,141.5,16.0
10907,141.5,15.0
10908,142.25,15.0
10909,142.25,15.0
10910,141.5,15.0
10911,141.5,16.0
10912,141.5,16.0
10913,141.5,17.0
10914,141.5,17.0
10915,141.5,17.0
10916,141.5,17.0
10917,141.5,16.0
10918,140.75,16.0
10919,140.75,15.0
10920,140.75,15.0
10921,140.75,15.0
10922,140.75,15.0
10923,142.25,15.0
10924,142.25,15.0
10925,142.25,16.0
10926,142.25,16.0
10927,142.25,17.0
10928,143.5,17.0
10929,143.5,19.0
10930,143.5,19.0
10931,143.5,20.0
10932,143.5,20.0
10933,143.5,22.0
10934,144.25,22.0
10935,144.25,22.0
10936,144.25,22.0
10937,144.25,22.0
10938,142.75,22.0
10939,142.75,19.0
10940,144.25,19.0
10941,144.25,16.0
10942,142.25,16.0
10943,143.5,14.0
10944,143.5,14.0
10945,143.5,14.0
10946,142.75,14.0
10947,142.75,15.0
10948,142.75,15.0
10949,142.75,16.0
10950,142.25,16.0
10951,142.25,16.0
10952,143.5,16.0
10953,142.75,15.0
10954,142.75,15.0
10955,142.75,15.0
10956,142.75,15.0
10957,142.75,15.0
10958,142.25,15.0
10959,142.25,15.0
10960,141.5,15.0
10961,141.5,15.0
10962,142.25,15.0
10963,142.25,15.0
10964,142.25,15.0
10965,141.5,15.0
10966,141.5,15.0
10967,142.75,16.0
10968,141.5,16.0
10969,141.5,16.0
10970,143.5,16.0
10971,143.5,16.0
10972,142.75,16.0
10973,142.75,16.0
10974,143.5,16.0
10975,144.25,16.0
10976,144.25,16.0
10977,144.25,15.0
10978,145.0,15.0
10979,145.0,14.0
10980,144.25,14.0
10981,144.25,14.0
10982,145.0,14.0
10983,145.0,14.0
10984,145.0,14.0
10985,144.25,14.0
10986,144.25,14.0
10987,145.0,13.0
10988,145.75,13.0
10989,145.75,12.0
10990,144.25,12.0
10991,144.25,12.0
10992,143.5,12.0
10993,145.0,12.0
10994,145.0,12.0
10995,143.5,11.0
10996,143.5,11.0
10997,144.25,12.0
10998,144.25,12.0
10999,144.25,13.0
11000,142.25,13.0
11001,142.25,14.0
11002,143.5,14.0
11003,142.75,15.0
11004,142.75,15.0
11005,140.75,15.0
11006,140.75,15.0
11007,142.75,13.0
11008,142.75,13.0
11009,142.25,12.0
11010,142.25,12.0
11011,142.25,8.0
11012,142.25,8.0
11013,142.25,0.0
11014,141.5,0.0
11015,142.75,0.0
11016,142.75,0.0
11017,142.75,0.0
11018,142.75,0.0
11019,143.5,3.0
11020,141.5,3.0
11021,141.5,4.0
11022,142.75,4.0
11023,142.75,8.0
11024,142.75,8.0
11025,142.75,11.0
11026,142.75,11.0
11027,142.25,6.0
11028,142.25,6.0
11029,140.75,2.0
11030,140.75,2.0
11031,140.75,4.0
11032,140.25,4.0
11033,140.25,7.0
11034,140.25,7.0
11035,140.25,8.0
11036,139.5,8.0
11037,139.0,10.0
11038,139.0,10.0
11039,139.0,16.0
11040,139.0,16.0
11041,136.25,17.0
11042,136.25,17.0
11043,139.0,13.0
11044,138.25,13.0
11045,138.25,11.0
11046,137.5,11.0
11047,137.5,12.0
11048,137.5,12.0
11049,137.5,16.0
11050,137.0,16.0
11051,138.25,16.0
11052,138.25,16.0
11053,138.25,12.0
11054,138.25,12.0
11055,136.25,9.0
11056,136.25,9.0
11057,137.0,10.0
11058,135.75,10.0
11059,135.75,14.0
11060,136.25,14.0
11061,136.25,16.0
11062,134.0,16.0
11063,134.0,13.0
11064,135.75,13.0
11065,135.75,7.0
11066,135.75,7.0
11067,136.25,5.0
11068,136.25,5.0
11069,135.75,5.0
11070,135.75,5.0
11071,137.0,5.0
11072,136.25,5.0
11073,136.25,4.0
11074,135.75,4.0
11075,135.75,5.0
11076,137.0,5.0
11077,137.0,7.0
11078,137.0,7.0
11079,135.75,9.0
11080,135.75,9.0
11081,135.25,8.0
11082,135.25,8.0
11083,135.75,5.0
11084,135.75,5.0
11085,135.75,4.0
11086,135.75,4.0
11087,135.75,8.0
11088,134.0,8.0
11089,134.0,16.0
11090,134.5,16.0
11091,134.5,21.0
11092,133.25,21.0
11093,133.25,24.0
11094,134.5,24.0
11095,133.25,25.0
11096,133.25,25.0
11097,128.75,28.0
11098,128.75,28.0
11099,129.75,32.0
11100,129.75,32.0
11101,130.5,32.0
11102,130.5,32.0
11103,133.25,31.0
11104,133.25,31.0
11105,132.75,32.0
11106,131.0,32.0
11107,131.0,32.0
11108,132.25,32.0
11109,132.25,33.0
11110,130.5,33.0
11111,130.5,32.0
11112,131.5,32.0
11113,131.5,29.0
11114,131.0,29.0
11115,131.0,26.0
11116,130.5,26.0
11117,132.75,26.0
11118,132.75,26.0
11119,133.25,25.0
11120,133.25,25.0
11121,134.0,22.0
11122,134.0,22.0
11123,135.25,18.0
11124,135.25,18.0
11125,135.25,13.0
11126,134.0,13.0
11127,133.25,9.0
11128,134.5,9.0
11129,134.5,7.0
11130,135.75,7.0
11131,135.75,9.0
11132,135.75,9.0
11133,137.0,12.0
11134,137.0,12.0
11135,137.5,14.0
11136,137.5,14.0
11137,137.0,15.0
11138,137.0,15.0
11139,138.25,15.0
11140,138.25,15.0
11141,138.25,13.0
11142,135.75,13.0
11143,135.75,10.0
11144,137.0,10.0
11145,137.0,12.0
11146,137.0,12.0
11147,137.5,19.0
11148,137.5,19.0
11149,138.25,20.0
11150,138.25,20.0
11151,136.25,16.0
11152,136.25,16.0
11153,136.25,13.0
11154,136.25,13.0
11155,135.75,12.0
11156,136.25,12.0
11157,136.25,10.0
11158,135.75,10.0
11159,135.75,7.0
11160,136.25,7.0
11161,136.25,4.0
11162,136.25,4.0
11163,136.25,2.0
11164,136.25,2.0
11165,136.25,1.0
11166,136.25,1.0
11167,137.0,0.0
11168,137.0,0.0
11169,136.25,2.0
11170,137.0,2.0
11171,137.0,4.0
11172,137.0,4.0
11173,137.0,6.0
11174,136.25,6.0
11175,136.25,12.0
11176,137.5,12.0
11177,137.0,22.0
11178,137.0,22.0
11179,136.25,32.0
11180,136.25,32.0
11181,136.25,34.0
11182,136.25,34.0
11183,135.75,28.0
11184,135.75,28.0
11185,135.75,18.0
11186,135.75,18.0
11187,135.75,11.0
11188,131.5,11.0
11189,131.5,9.0
11190,132.75,9.0
11191,132.75,17.0
11192,131.5,17.0
11193,133.25,26.0
11194,133.25,26.0
11195,129.25,25.0
11196,129.25,25.0
11197,132.75,20.0
11198,132.75,20.0
11199,131.0,19.0
11200,131.0,19.0
11201,131.0,18.0
11202,131.5,18.0
11203,132.75,16.0
11204,132.75,16.0
11205,132.75,15.0
11206,133.25,15.0
11207,133.25,15.0
11208,132.75,15.0
11209,132.75,15.0
11210,134.5,15.0
11211,134.5,15.0
11212,135.25,15.0
11213,135.25,16.0
11214,135.25,16.0
11215,134.5,15.0
11216,134.5,15.0
11217,135.25,12.0
11218,135.25,12.0
11219,135.25,11.0
11220,136.25,11.0
11221,136.25,11.0
11222,135.75,11.0
11223,135.75,13.0
11224,136.25,13.0
11225,136.25,13.0
11226,137.0,13.0
11227,137.5,13.0
11228,137.5,13.0
11229,137.5,14.0
11230,137.5,14.0
11231,139.0,15.0
11232,139.0,15.0
11233,139.0,15.0
11234,139.0,15.0
11235,139.5,15.0
11236,139.0,15.0
11237,139.0,15.0
11238,140.25,15.0
11239,139.0,15.0
11240,139.0,15.0
11241,140.25,15.0
11242,140.25,15.0
11243,139.5,16.0
11244,139.5,16.0
11245,140.25,18.0
11246,140.25,18.0
11247,140.25,18.0
11248,140.25,18.0
11249,140.25,17.0
11250,139.5,17.0
11251,139.5,16.0
11252,139.5,16.0
11253,139.5,14.0
11254,139.5,14.0
11255,140.25,14.0
11256,140.25,14.0
11257,140.25,15.0
11258,140.25,15.0
11259,140.25,15.0
11260,140.25,15.0
11261,140.25,14.0
11262,140.25,14.0
11263,140.25,14.0
11264,139.0,14.0
11265,137.5,14.0
11266,137.5,14.0
11267,139.0,15.0
11268,139.0,15.0
11269,139.0,15.0
11270,138.25,15.0
11271,138.25,15.0
11272,138.25,15.0
11273,138.25,15.0
11274,139.5,15.0
11275,139.5,15.0
11276,139.0,15.0
11277,139.0,15.0
11278,139.0,15.0
11279,139.5,14.0
11280,139.5,14.0
11281,139.5,14.0
11282,139.5,14.0
11283,140.25,14.0
11284,140.75,14.0
11285,140.75,14.0
11286,140.25,14.0
11287,140.25,15.0
11288,141.5,15.0
11289,141.5,14.0
11290,141.5,14.0
11291,142.25,14.0
11292,142.25,14.0
11293,142.25,14.0
11294,142.25,14.0
11295,142.25,13.0
11296,143.5,13.0
11297,143.5,13.0
11298,141.5,13.0
11299,142.25,13.0
11300,142.25,13.0
11301,142.75,13.0
11302,142.75,13.0
11303,141.5,13.0
11304,141.5,13.0
11305,142.25,13.0
11306,141.5,13.0
11307,141.5,14.0
11308,140.75,14.0
11309,140.75,15.0
11310,139.5,15.0
11311,141.5,16.0
11312,141.5,16.0
11313,140.75,15.0
11314,140.75,15.0
11315,141.5,14.0
11316,141.5,14.0
11317,141.5,14.0
11318,142.25,14.0
11319,142.25,14.0
11320,142.25,14.0
11321,142.25,14.0
11322,142.25,14.0
11323,142.75,14.0
11324,142.75,14.0
11325,142.25,13.0
11326,142.25,13.0
11327,142.75,13.0
11328,142.75,13.0
11329,142.75,11.0
11330,143.5,11.0
11331,143.5,9.0
11332,142.75,9.0
11333,143.5,6.0
11334,143.5,6.0
11335,142.75,3.0
11336,142.75,3.0
11337,143.5,0.0
11338,143.5,0.0
11339,143.5,0.0
11340,143.5,0.0
11341,143.5,0.0
11342,143.5,0.0
11343,144.25,1.0
11344,144.25,1.0
11345,144.25,1.0
11346,143.5,1.0
11347,144.25,1.0
11348,144.25,1.0
11349,144.25,3.0
11350,144.25,3.0
11351,144.25,10.0
11352,144.25,10.0
11353,144.25,17.0
11354,144.25,17.0
11355,143.5,19.0
11356,143.5,19.0
11357,143.5,18.0
11358,143.5,18.0
11359,143.5,16.0
11360,142.75,16.0
11361,142.75,15.0
11362,142.25,15.0
11363,143.5,13.0
11364,143.5,13.0
11365,141.5,14.0
11366,141.5,14.0
11367,141.5,18.0
11368,142.25,18.0
11369,142.25,23.0
11370,140.75,23.0
11371,140.75,24.0
11372,142.75,24.0
11373,142.25,22.0
11374,142.25,22.0
11375,142.25,21.0
11376,142.25,21.0
11377,142.75,22.0
11378,142.75,22.0
11379,142.75,24.0
11380,143.5,24.0
11381,143.5,26.0
11382,143.5,26.0
11383,143.5,29.0
11384,144.25,29.0
11385,143.5,29.0
11386,143.5,29.0
11387,142.25,28.0
11388,142.25,28.0
11389,142.25,25.0
11390,141.5,25.0
11391,142.75,23.0
11392,142.75,23.0
11393,142.75,23.0
11394,142.25,23.0
11395,142.25,22.0
11396,142.25,22.0
11397,142.25,20.0
11398,142.25,20.0
11399,142.75,17.0
11400,142.25,17.0
11401,142.25,14.0
11402,142.25,14.0
11403,142.25,12.0
11404,141.5,12.0
11405,142.25,14.0
11406,142.25,14.0
11407,141.5,16.0
11408,141.5,16.0
11409,142.25,19.0
11410,142.25,19.0
11411,142.75,20.0
11412,142.75,20.0
11413,142.75,19.0
11414,142.75,19.0
11415,142.75,18.0
11416,142.75,18.0
11417,142.75,16.0
11418,142.75,16.0
11419,141.5,16.0
11420,141.5,16.0
11421,142.25,16.0
11422,142.25,16.0
11423,142.25,18.0
11424,142.25,18.0
11425,142.25,19.0
11426,142.25,19.0
11427,142.25,18.0
11428,142.25,18.0
11429,142.25,17.0
11430,142.25,17.0
11431,142.75,17.0
11432,143.5,17.0
11433,143.5,17.0
11434,143.5,17.0
11435,143.5,19.0
11436,142.75,19.0
11437,143.5,22.0
11438,143.5,22.0
11439,145.0,23.0
11440,145.0,23.0
11441,143.5,22.0
11442,144.25,22.0
11443,144.25,21.0
11444,144.25,21.0
11445,144.25,21.0
11446,144.25,21.0
11447,144.25,22.0
11448,144.25,22.0
11449,145.0,24.0
11450,145.0,24.0
11451,145.0,24.0
11452,145.0,24.0
11453,145.0,23.0
11454,145.0,23.0
11455,145.0,22.0
11456,145.75,22.0
11457,145.0,22.0
11458,145.0,22.0
11459,145.0,22.0
11460,145.0,22.0
11461,145.75,22.0
11462,145.75,22.0
11463,145.75,24.0
11464,145.75,24.0
11465,145.75,27.0
11466,145.0,27.0
11467,145.0,29.0
11468,145.0,29.0
11469,145.0,33.0
11470,145.0,33.0
11471,145.75,37.0
11472,145.0,37.0
11473,145.0,39.0
11474,145.75,39.0
11475,145.75,38.0
11476,143.5,38.0
11477,143.5,36.0
11478,142.25,36.0
11479,142.25,34.0
11480,142.25,34.0
11481,142.25,32.0
11482,141.5,32.0
11483,141.5,31.0
11484,140.25,31.0
11485,140.25,30.0
11486,138.25,30.0
11487,137.5,30.0
11488,137.5,30.0
11489,141.5,30.0
11490,141.5,30.0
11491,141.5,30.0
11492,141.5,30.0
11493,141.5,31.0
11494,142.25,31.0
11495,142.75,31.0
11496,143.5,31.0
11497,143.5,32.0
11498,143.5,32.0
11499,140.25,32.0
11500,140.25,32.0
11501,140.75,31.0
11502,140.75,31.0
11503,142.25,30.0
11504,142.25,30.0
11505,142.25,31.0
11506,141.5,31.0
11507,141.5,31.0
11508,142.25,31.0
11509,142.75,32.0
11510,142.75,32.0
11511,139.0,33.0
11512,139.0,33.0
11513,141.5,34.0
11514,141.5,34.0
11515,140.75,33.0
11516,140.25,33.0
11517,140.25,32.0
11518,142.25,32.0
11519,142.25,33.0
11520,141.5,33.0
11521,141.5,32.0
11522,141.5,32.0
11523,141.5,30.0
11524,141.5,30.0
11525,140.75,29.0
11526,142.25,29.0
11527,142.25,30.0
11528,142.75,30.0
11529,142.75,33.0
11530,140.75,33.0
11531,140.75,35.0
11532,140.75,35.0
11533,142.25,37.0
11534,142.25,37.0
11535,141.5,37.0
11536,141.5,37.0
11537,140.75,38.0
11538,138.25,38.0
11539,138.25,40.0
11540,139.5,40.0
11541,139.5,42.0
11542,140.75,42.0
11543,140.75,42.0
11544,139.5,42.0
11545,140.25,39.0
11546,140.25,39.0
11547,140.75,37.0
11548,140.75,37.0
11549,139.5,37.0
11550,140.25,37.0
11551,140.25,37.0
11552,140.25,37.0
11553,140.25,39.0
11554,136.25,39.0
11555,136.25,43.0
11556,137.5,43.0
11557,139.0,45.0
11558,139.0,45.0
11559,137.0,43.0
11560,137.0,43.0
11561,137.0,41.0
11562,137.0,41.0
11563,139.5,39.0
11564,137.5,39.0
11565,137.5,38.0
11566,136.25,38.0
11567,136.25,36.0
11568,137.5,36.0
11569,137.5,33.0
11570,137.5,33.0
11571,135.75,36.0
11572,135.75,36.0
11573,136.25,42.0
11574,136.25,42.0
11575,135.75,40.0
11576,135.75,40.0
11577,135.25,34.0
11578,135.75,34.0
11579,135.75,31.0
11580,134.0,31.0
11581,134.0,29.0
11582,133.25,29.0
11583,133.25,25.0
11584,131.5,25.0
11585,131.5,19.0
11586,132.75,19.0
11587,134.0,13.0
11588,134.0,13.0
11589,132.25,16.0
11590,132.25,16.0
11591,134.0,23.0
11592,134.0,23.0
11593,131.5,28.0
11594,131.5,28.0
11595,133.25,28.0
11596,133.25,28.0
11597,133.25,25.0
11598,132.25,25.0
11599,132.25,19.0
11600,132.25,19.0
11601,132.25,10.0
11602,132.25,10.0
11603,132.25,0.0
11604,126.5,0.0
11605,126.5,0.0
11606,128.75,0.0
11607,127.75,0.0
11608,127.75,0.0
11609,127.75,0.0
11610,127.75,0.0
11611,129.25,1.0
11612,129.25,1.0
11613,128.25,4.0
11614,128.25,4.0
11615,128.75,1.0
11616,128.75,1.0
11617,126.5,0.0
11618,126.5,0.0
11619,128.25,0.0
11620,128.25,0.0
11621,128.75,0.0
11622,128.25,0.0
11623,128.25,0.0
11624,128.25,0.0
11625,128.25,0.0
11626,128.75,0.0
11627,128.75,0.0
11628,130.5,0.0
11629,130.5,0.0
11630,128.75,0.0
11631,128.75,1.0
11632,131.5,1.0
11633,131.5,2.0
11634,131.5,2.0
11635,129.75,0.0
11636,129.75,0.0
11637,130.5,0.0
11638,130.5,0.0
11639,129.75,0.0
11640,129.75,0.0
11641,131.5,0.0
11642,131.5,0.0
11643,132.25,0.0
11644,132.25,0.0
11645,132.75,0.0
11646,131.0,0.0
11647,131.0,0.0
11648,134.5,0.0
11649,134.5,1.0
11650,134.5,1.0
11651,134.5,0.0
11652,132.75,0.0
11653,132.75,0.0
11654,135.25,0.0
11655,134.5,0.0
11656,134.5,0.0
11657,132.75,0.0
11658,132.75,0.0
11659,132.75,0.0
11660,132.75,0.0
11661,132.25,0.0
11662,132.25,0.0
11663,131.0,0.0
11664,133.25,0.0
11665,133.25,0.0
11666,132.25,0.0
11667,132.25,0.0
11668,130.5,0.0
11669,130.5,0.0
11670,133.25,0.0
11671,133.25,0.0
11672,133.25,0.0
11673,132.75,0.0
11674,132.75,0.0
11675,134.0,0.0
11676,134.0,0.0
11677,134.5,0.0
11678,134.5,0.0
11679,134.0,0.0
11680,134.0,0.0
11681,135.25,0.0
11682,134.5,0.0
11683,134.5,0.0
11684,135.25,0.0
11685,135.25,0.0
11686,134.5,0.0
11687,134.5,0.0
11688,135.25,0.0
11689,134.5,0.0
11690,134.5,0.0
11691,133.25,0.0
11692,133.25,0.0
11693,135.75,0.0
11694,135.75,0.0
11695,134.5,0.0
11696,134.5,0.0
11697,133.25,0.0
11698,132.75,0.0
11699,132.75,0.0
11700,134.5,0.0
11701,134.5,2.0
11702,134.5,2.0
11703,134.5,7.0
11704,134.5,7.0
11705,134.5,10.0
11706,134.5,10.0
11707,133.25,15.0
11708,133.25,15.0
11709,132.75,21.0
11710,132.75,21.0
11711,133.25,21.0
11712,133.25,21.0
11713,134.5,17.0
11714,134.5,17.0
11715,132.75,15.0
11716,134.0,15.0
11717,134.0,15.0
11718,134.0,15.0
11719,134.0,16.0
11720,134.5,16.0
11721,134.5,18.0
11722,133.25,18.0
11723,133.25,19.0
11724,134.0,19.0
11725,134.0,21.0
11726,134.0,21.0
11727,134.0,23.0
11728,134.0,23.0
11729,133.25,26.0
11730,133.25,26.0
11731,133.25,29.0
11732,133.25,29.0
11733,133.25,31.0
11734,133.25,31.0
11735,134.5,35.0
11736,133.25,35.0
11737,133.25,39.0
11738,133.25,39.0
11739,133.25,39.0
11740,132.75,39.0
11741,132.75,39.0
11742,132.25,39.0
11743,132.25,37.0
11744,132.25,37.0
11745,132.25,33.0
11746,131.0,33.0
11747,128.25,33.0
11748,128.25,33.0
11749,123.5,39.0
11750,123.5,39.0
11751,122.0,46.0
11752,122.0,46.0
11753,126.0,47.0
11754,126.0,47.0
11755,128.25,45.0
11756,128.25,45.0
11757,130.5,42.0
11758,130.5,42.0
11759,130.5,41.0
11760,132.25,41.0
11761,132.25,43.0
11762,131.5,43.0
11763,131.5,46.0
11764,131.0,46.0
11765,131.0,49.0
11766,129.25,49.0
11767,129.25,49.0
11768,129.75,49.0
11769,132.25,46.0
11770,132.25,46.0
11771,131.0,43.0
11772,131.0,43.0
11773,131.0,38.0
11774,132.25,38.0
11775,131.5,27.0
11776,131.5,27.0
11777,133.25,14.0
11778,132.75,14.0
11779,132.75,6.0
11780,131.5,6.0
11781,131.5,4.0
11782,131.5,4.0
11783,131.5,8.0
11784,131.5,8.0
11785,131.5,15.0
11786,132.75,15.0
11787,132.75,23.0
11788,133.25,23.0
11789,133.25,26.0
11790,133.25,26.0
11791,131.5,27.0
11792,131.5,27.0
11793,132.75,26.0
11794,132.75,26.0
11795,132.25,25.0
11796,132.25,25.0
11797,133.25,24.0
11798,131.0,24.0
11799,131.0,22.0
11800,133.25,22.0
11801,133.25,21.0
11802,132.75,21.0
11803,132.75,21.0
11804,133.25,21.0
11805,133.25,20.0
11806,133.25,20.0
11807,134.0,21.0
11808,134.0,21.0
11809,134.0,23.0
11810,134.5,23.0
11811,135.75,27.0
11812,135.75,27.0
11813,135.25,32.0
11814,135.25,32.0
11815,135.25,34.0
11816,135.75,34.0
11817,135.75,33.0
11818,135.75,33.0
11819,135.75,31.0
11820,135.75,31.0
11821,135.75,30.0
11822,135.75,30.0
11823,135.75,31.0
11824,135.75,31.0
11825,133.25,30.0
11826,133.25,30.0
11827,135.75,30.0
11828,135.75,30.0
11829,134.0,30.0
11830,134.0,30.0
11831,132.75,30.0
11832,129.75,30.0
11833,129.75,30.0
11834,133.25,30.0
11835,133.25,27.0
11836,133.25,27.0
11837,133.25,19.0
11838,132.25,19.0
11839,132.25,12.0
11840,133.25,12.0
11841,134.0,10.0
11842,134.0,10.0
11843,132.75,12.0
11844,132.75,12.0
11845,133.25,15.0
11846,133.25,15.0
11847,132.25,16.0
11848,132.25,16.0
11849,134.0,18.0
11850,134.5,18.0
11851,134.5,19.0
11852,134.5,19.0
11853,134.5,19.0
11854,133.25,19.0
11855,133.25,18.0
11856,134.0,18.0
11857,134.0,18.0
11858,134.0,18.0
11859,135.25,18.0
11860,135.25,18.0
11861,133.25,19.0
11862,133.25,19.0
11863,134.0,20.0
11864,134.0,20.0
11865,135.25,18.0
11866,135.25,18.0
11867,135.25,12.0
11868,135.75,12.0
11869,135.75,8.0
11870,136.25,8.0
11871,136.25,8.0
11872,136.25,8.0
11873,136.25,9.0
11874,135.75,9.0
11875,135.75,11.0
11876,135.75,11.0
11877,137.0,13.0
11878,137.0,13.0
11879,136.25,13.0
11880,136.25,13.0
11881,137.5,14.0
11882,136.25,14.0
11883,136.25,15.0
11884,138.25,15.0
11885,138.25,15.0
11886,138.25,15.0
11887,138.25,16.0
11888,138.25,16.0
11889,138.25,15.0
11890,138.25,15.0
11891,139.5,15.0
11892,139.5,15.0
11893,139.0,15.0
11894,139.0,15.0
11895,139.0,16.0
11896,139.0,16.0
11897,139.0,17.0
11898,139.0,17.0
11899,139.0,17.0
11900,139.0,17.0
11901,139.5,16.0
11902,139.5,16.0
11903,137.0,15.0
11904,137.0,15.0
11905,138.25,13.0
11906,138.25,13.0
11907,139.0,13.0
11908,138.25,13.0
11909,138.25,19.0
11910,139.0,19.0
11911,139.0,33.0
11912,137.5,33.0
11913,137.5,38.0
11914,138.25,38.0
11915,138.25,31.0
11916,138.25,31.0
11917,139.0,20.0
11918,139.0,20.0
11919,137.0,13.0
11920,137.0,13.0
11921,136.25,9.0
11922,136.25,9.0
11923,136.25,12.0
11924,135.25,12.0
11925,135.25,23.0
11926,136.25,23.0
11927,136.25,35.0
11928,136.25,35.0
11929,135.75,40.0
11930,135.75,40.0
11931,136.25,37.0
11932,136.25,37.0
11933,135.25,29.0
11934,135.25,29.0
11935,135.75,18.0
11936,135.75,18.0
11937,135.75,11.0
11938,135.75,11.0
11939,135.75,9.0
11940,135.75,9.0
11941,135.75,8.0
11942,135.25,8.0
11943,135.75,8.0
11944,135.75,8.0
11945,136.25,7.0
11946,136.25,7.0
11947,136.25,6.0
11948,136.25,6.0
11949,137.0,7.0
11950,137.0,7.0
11951,137.0,11.0
11952,137.5,11.0
11953,137.5,19.0
11954,137.5,19.0
11955,137.5,21.0
11956,138.25,21.0
11957,139.0,19.0
11958,139.0,19.0
11959,138.25,16.0
11960,138.25,16.0
11961,139.0,16.0
11962,139.0,16.0
11963,136.25,18.0
11964,135.25,18.0
11965,135.25,18.0
11966,134.5,18.0
11967,134.5,18.0
11968,131.5,18.0
11969,131.5,23.0
11970,132.75,23.0
11971,132.75,30.0
11972,132.75,30.0
11973,132.75,31.0
11974,131.0,31.0
11975,129.75,28.0
11976,129.75,28.0
11977,131.5,31.0
11978,131.5,31.0
11979,132.25,41.0
11980,132.25,41.0
11981,129.25,51.0
11982,129.25,51.0
11983,128.25,57.0
11984,128.25,57.0
11985,129.75,57.0
11986,131.5,57.0
11987,131.5,48.0
11988,131.0,48.0
11989,131.0,40.0
11990,131.5,40.0
11991,131.5,37.0
11992,129.75,37.0
11993,129.75,37.0
11994,129.75,37.0
11995,129.75,37.0
11996,132.25,37.0
11997,131.5,38.0
11998,131.5,38.0
11999,130.5,38.0
12000,130.5,38.0
12001,132.25,37.0
12002,132.25,37.0
12003,132.75,38.0
12004,132.75,38.0
12005,131.5,38.0
12006,131.5,38.0
12007,131.0,38.0
12008,131.0,38.0
12009,131.0,38.0
12010,132.25,38.0
12011,132.25,36.0
12012,130.5,36.0
12013,130.5,33.0
12014,129.25,33.0
12015,129.25,32.0
12016,129.25,32.0
12017,129.25,29.0
12018,131.0,29.0
12019,131.0,22.0
12020,131.0,22.0
12021,132.75,17.0
12022,132.75,17.0
12023,132.25,18.0
12024,132.25,18.0
12025,131.0,20.0
12026,131.0,20.0
12027,130.5,22.0
12028,130.5,22.0
12029,129.75,23.0
12030,129.25,23.0
12031,129.25,20.0
12032,128.25,20.0
12033,128.25,15.0
12034,127.75,15.0
12035,127.75,11.0
12036,129.25,11.0
12037,129.25,8.0
12038,131.5,8.0
12039,131.5,6.0
12040,132.25,6.0
12041,132.25,7.0
12042,131.0,7.0
12043,131.0,10.0
12044,131.0,10.0
12045,132.75,11.0
12046,132.75,11.0
12047,131.5,11.0
12048,131.5,11.0
12049,132.75,13.0
12050,132.75,13.0
12051,133.25,13.0
12052,132.75,13.0
12053,132.75,11.0
12054,130.5,11.0
12055,130.5,11.0
12056,131.5,11.0
12057,131.5,10.0
12058,132.25,10.0
12059,132.25,7.0
12060,131.5,7.0
12061,133.25,8.0
12062,133.25,8.0
12063,133.25,12.0
12064,133.25,12.0
12065,133.25,12.0
12066,131.5,12.0
12067,133.25,12.0
12068,133.25,12.0
12069,133.25,13.0
12070,133.25,13.0
12071,133.25,12.0
12072,133.25,12.0
12073,133.25,13.0
12074,133.25,13.0
12075,133.25,15.0
12076,132.25,15.0
12077,132.25,13.0
12078,129.75,13.0
12079,129.75,13.0
12080,129.75,13.0
12081,129.75,14.0
12082,129.75,14.0
12083,131.5,13.0
12084,131.5,13.0
12085,131.5,14.0
12086,130.5,14.0
12087,130.5,15.0
12088,130.5,15.0
12089,131.0,14.0
12090,131.0,14.0
12091,130.5,14.0
12092,131.0,14.0
12093,131.0,14.0
12094,131.0,14.0
12095,131.0,13.0
12096,132.25,13.0
12097,132.25,14.0
12098,129.75,14.0
12099,129.75,14.0
12100,129.75,14.0
12101,129.75,13.0
12102,130.5,13.0
12103,130.5,13.0
12104,127.75,13.0
12105,131.0,12.0
12106,131.0,12.0
12107,131.5,12.0
12108,131.5,12.0
12109,129.25,13.0
12110,129.25,13.0
12111,129.75,11.0
12112,129.75,11.0
12113,128.75,12.0
12114,128.75,12.0
12115,131.0,13.0
12116,131.5,13.0
12117,131.5,11.0
12118,131.5,11.0
12119,131.5,10.0
12120,128.75,10.0
12121,128.75,9.0
12122,131.5,9.0
12123,131.5,8.0
12124,131.5,8.0
12125,131.5,7.0
12126,130.5,7.0
12127,129.75,4.0
12128,129.75,4.0
12129,129.25,3.0
12130,129.25,3.0
12131,128.25,6.0
12132,128.25,6.0
12133,129.75,6.0
12134,129.75,6.0
12135,130.5,4.0
12136,130.5,4.0
12137,129.75,3.0
12138,131.5,3.0
12139,131.5,6.0
12140,132.25,6.0
12141,132.25,7.0
12142,131.5,7.0
12143,131.5,6.0
12144,131.5,6.0
12145,131.5,6.0
12146,131.0,6.0
12147,131.0,7.0
12148,132.25,7.0
12149,131.5,6.0
12150,131.5,6.0
12151,132.75,6.0
12152,132.75,6.0
12153,132.75,8.0
12154,132.75,8.0
12155,132.25,7.0
12156,132.25,7.0
12157,133.25,5.0
12158,132.75,5.0
12159,132.75,6.0
12160,131.5,6.0
12161,131.5,6.0
12162,133.25,6.0
12163,133.25,5.0
12164,132.75,5.0
12165,132.75,7.0
12166,133.25,7.0
12167,133.25,9.0
12168,133.25,9.0
12169,132.25,7.0
12170,132.25,7.0
12171,134.0,5.0
12172,134.0,5.0
12173,133.25,7.0
12174,133.25,7.0
12175,132.75,7.0
12176,132.75,7.0
12177,134.0,5.0
12178,134.5,5.0
12179,134.5,5.0
12180,134.5,5.0
12181,134.5,7.0
12182,135.25,7.0
12183,135.25,7.0
12184,134.0,7.0
12185,134.5,4.0
12186,134.5,4.0
12187,135.75,3.0
12188,135.75,3.0
12189,134.5,6.0
12190,134.5,6.0
12191,134.5,8.0
12192,134.5,8.0
12193,134.0,6.0
12194,134.5,6.0
12195,134.5,3.0
12196,135.75,3.0
12197,135.75,1.0
12198,134.5,1.0
12199,134.5,1.0
12200,134.5,1.0
12201,134.5,1.0
12202,135.25,1.0
12203,135.25,1.0
12204,135.25,1.0
12205,135.25,1.0
12206,135.25,1.0
12207,135.25,1.0
12208,135.25,1.0
12209,135.75,0.0
12210,136.25,0.0
12211,136.25,0.0
12212,135.75,0.0
12213,135.75,0.0
12214,136.25,0.0
12215,136.25,0.0
12216,136.25,0.0
12217,136.25,0.0
12218,137.0,0.0
12219,137.0,0.0
12220,137.0,0.0
12221,137.5,0.0
12222,137.5,0.0
12223,137.5,0.0
12224,138.25,0.0
12225,138.25,0.0
12226,138.25,0.0
12227,138.25,1.0
12228,134.0,1.0
12229,134.0,4.0
12230,135.75,4.0
12231,136.25,7.0
12232,136.25,7.0
12233,135.25,8.0
12234,135.25,8.0
12235,135.75,8.0
12236,135.75,8.0
12237,135.25,5.0
12238,135.75,5.0
12239,135.75,0.0
12240,135.75,0.0
12241,135.75,0.0
12242,135.75,0.0
12243,135.75,0.0
12244,135.25,0.0
12245,135.25,0.0
12246,135.75,0.0
12247,136.25,0.0
12248,136.25,0.0
12249,136.25,0.0
12250,136.25,0.0
12251,135.75,1.0
12252,135.75,1.0
12253,136.25,1.0
12254,136.25,1.0
12255,136.25,2.0
12256,135.75,2.0
12257,135.75,3.0
12258,136.25,3.0
12259,136.25,3.0
12260,136.25,3.0
12261,136.25,2.0
12262,136.25,2.0
12263,136.25,1.0
12264,136.25,1.0
12265,137.0,1.0
12266,137.0,1.0
12267,136.25,1.0
12268,137.0,1.0
12269,137.0,1.0
12270,137.5,1.0
12271,137.5,1.0
12272,138.25,1.0
12273,138.25,4.0
12274,139.0,4.0
12275,139.0,5.0
12276,139.0,5.0
12277,137.5,4.0
12278,137.5,4.0
12279,138.25,4.0
12280,138.25,4.0
12281,138.25,4.0
12282,138.25,4.0
12283,138.25,4.0
12284,138.25,4.0
12285,138.25,5.0
12286,137.5,5.0
12287,137.5,4.0
12288,136.25,4.0
12289,137.0,3.0
12290,137.0,3.0
12291,135.25,3.0
12292,135.25,3.0
12293,135.25,3.0
12294,135.75,3.0
12295,135.75,4.0
12296,134.5,4.0
12297,134.5,4.0
12298,135.25,4.0
12299,135.25,4.0
12300,135.75,4.0
12301,135.75,5.0
12302,135.25,5.0
12303,135.75,5.0
12304,135.75,5.0
12305,135.25,3.0
12306,135.25,3.0
12307,135.75,2.0
12308,135.75,2.0
12309,135.75,4.0
12310,135.75,4.0
12311,136.25,8.0
12312,135.75,8.0
12313,135.75,11.0
12314,136.25,11.0
12315,136.25,11.0
12316,136.25,11.0
12317,136.25,9.0
12318,135.25,9.0
12319,135.75,8.0
12320,135.75,8.0
12321,135.75,8.0
12322,135.75,8.0
12323,135.75,8.0
12324,135.75,8.0
12325,136.25,8.0
12326,137.0,8.0
12327,137.0,8.0
12328,135.25,8.0
12329,135.25,8.0
12330,137.0,8.0
12331,137.0,7.0
12332,136.25,7.0
12333,137.0,9.0
12334,137.0,9.0
12335,136.25,12.0
12336,136.25,12.0
12337,137.5,15.0
12338,137.5,15.0
12339,136.25,20.0
12340,136.25,20.0
12341,137.0,29.0
12342,137.0,29.0
12343,137.0,41.0
12344,138.25,41.0
12345,138.25,44.0
12346,137.5,44.0
12347,137.0,35.0
12348,137.0,35.0
12349,135.25,23.0
12350,135.25,23.0
12351,135.75,16.0
12352,135.75,16.0
12353,137.0,12.0
12354,137.0,12.0
12355,135.75,11.0
12356,134.5,11.0
12357,134.5,15.0
12358,132.75,15.0
12359,132.75,21.0
12360,133.25,21.0
12361,133.25,30.0
12362,132.75,30.0
12363,132.75,41.0
12364,132.75,41.0
12365,131.5,44.0
12366,131.5,44.0
12367,131.0,40.0
12368,131.0,40.0
12369,132.25,41.0
12370,132.25,41.0
12371,132.75,46.0
12372,132.75,46.0
12373,132.75,62.0
12374,131.5,62.0
12375,131.5,84.0
12376,133.25,84.0
12377,133.25,100.0
12378,133.25,100.0
12379,133.25,100.0
12380,132.75,100.0
12381,132.75,100.0
12382,131.5,100.0
12383,131.5,100.0
12384,131.0,100.0
12385,131.0,88.0
12386,131.0,88.0
12387,132.25,82.0
12388,132.25,82.0
12389,132.75,85.0
12390,132.75,85.0
12391,132.75,80.0
12392,132.75,80.0
12393,134.0,78.0
12394,133.25,78.0
12395,133.25,80.0
12396,132.75,80.0
12397,132.75,80.0
12398,134.0,80.0
12399,134.0,81.0
12400,133.25,81.0
12401,133.25,82.0
12402,134.0,82.0
12403,134.5,79.0
12404,134.5,79.0
12405,133.25,76.0
12406,133.25,76.0
12407,131.0,86.0
12408,131.0,86.0
12409,134.0,91.0
12410,134.0,91.0
12411,133.25,81.0
12412,131.5,81.0
12413,131.5,76.0
12414,132.75,76.0
12415,132.75,78.0
12416,132.75,78.0
12417,132.75,76.0
12418,132.25,76.0
12419,132.25,76.0
12420,133.25,76.0
12421,132.75,80.0
12422,132.75,80.0
12423,132.75,79.0
12424,132.75,79.0
12425,133.25,80.0
12426,133.25,80.0
12427,132.25,86.0
12428,132.25,86.0
12429,133.25,82.0
12430,132.25,82.0
12431,132.25,78.0
12432,132.25,78.0
12433,132.25,80.0
12434,132.75,80.0
12435,132.75,75.0
12436,132.75,75.0
12437,132.75,66.0
12438,133.25,66.0
12439,133.25,70.0
12440,132.75,70.0
12441,132.25,79.0
12442,132.25,79.0
12443,132.25,83.0
12444,132.25,83.0
12445,132.25,85.0
12446,132.25,85.0
12447,132.75,86.0
12448,132.75,86.0
12449,132.25,84.0
12450,131.5,84.0
12451,131.5,81.0
12452,132.25,81.0
12453,132.25,79.0
12454,131.0,79.0
12455,131.0,76.0
12456,129.75,76.0
12457,129.75,79.0
12458,128.25,79.0
12459,128.25,76.0
12460,128.25,76.0
12461,128.25,67.0
12462,129.25,67.0
12463,129.25,62.0
12464,129.25,62.0
12465,129.25,56.0
12466,126.0,56.0
12467,126.0,48.0
12468,126.0,48.0
12469,127.75,48.0
12470,127.75,48.0
12471,129.25,49.0
12472,129.25,49.0
12473,128.25,46.0
12474,128.25,46.0
12475,130.5,48.0
12476,131.0,48.0
12477,131.0,46.0
12478,131.0,46.0
12479,131.0,42.0
12480,131.5,42.0
12481,131.5,43.0
12482,132.75,43.0
12483,132.75,43.0
12484,132.75,43.0
12485,132.75,39.0
12486,132.75,39.0
12487,132.75,41.0
12488,132.75,41.0
12489,132.25,42.0
12490,132.25,42.0
12491,133.25,39.0
12492,133.25,39.0
12493,134.5,37.0
12494,134.5,37.0
12495,134.5,38.0
12496,133.25,38.0
12497,133.25,36.0
12498,135.25,36.0
12499,135.25,34.0
12500,134.0,34.0
12501,134.0,36.0
12502,134.5,36.0
12503,135.25,35.0
12504,135.25,35.0
12505,135.75,32.0
12506,135.75,32.0
12507,136.25,33.0
12508,136.25,33.0
12509,137.0,33.0
12510,137.0,33.0
12511,136.25,30.0
12512,134.0,30.0
12513,134.0,31.0
12514,135.75,31.0
12515,135.75,32.0
12516,134.0,32.0
12517,134.0,30.0
12518,132.75,30.0
12519,132.25,30.0
12520,132.25,30.0
12521,132.25,31.0
12522,134.0,31.0
12523,134.0,29.0
12524,134.0,29.0
12525,134.5,29.0
12526,134.5,29.0
12527,135.25,30.0
12528,134.5,30.0
12529,134.5,28.0
12530,136.25,28.0
12531,136.25,28.0
12532,136.25,28.0
12533,136.25,28.0
12534,137.5,28.0
12535,135.75,27.0
12536,135.75,27.0
12537,137.5,27.0
12538,137.5,27.0
12539,137.5,29.0
12540,137.5,29.0
12541,137.5,29.0
12542,138.25,29.0
12543,138.25,29.0
12544,136.25,29.0
12545,136.25,30.0
12546,136.25,30.0
12547,136.25,32.0
12548,137.0,32.0
12549,136.25,36.0
12550,136.25,36.0
12551,134.5,43.0
12552,134.5,43.0
12553,134.5,45.0
12554,134.5,45.0
12555,135.75,39.0
12556,135.75,39.0
12557,134.5,30.0
12558,134.5,30.0
12559,134.5,27.0
12560,134.0,27.0
12561,134.0,27.0
12562,132.75,27.0
12563,132.75,27.0
12564,133.25,27.0
12565,133.25,26.0
12566,133.25,26.0
12567,135.25,27.0
12568,135.25,27.0
12569,133.25,27.0
12570,133.25,27.0
12571,134.5,26.0
12572,134.5,26.0
12573,132.75,26.0
12574,132.75,26.0
12575,133.25,27.0
12576,134.5,27.0
12577,134.5,26.0
12578,135.25,26.0
12579,135.25,26.0
12580,136.25,26.0
12581,136.25,26.0
12582,135.25,26.0
12583,136.25,26.0
12584,136.25,26.0
12585,136.25,26.0
12586,136.25,26.0
12587,137.0,25.0
12588,137.0,25.0
12589,138.25,25.0
12590,137.5,25.0
12591,137.5,25.0
12592,138.25,25.0
12593,138.25,24.0
12594,138.25,24.0
12595,138.25,24.0
12596,139.0,24.0
12597,139.0,24.0
12598,139.0,24.0
12599,139.0,25.0
12600,139.0,25.0
12601,139.0,25.0
12602,139.5,25.0
12603,139.5,24.0
12604,140.25,24.0
12605,140.25,25.0
12606,139.5,25.0
12607,139.5,25.0
12608,139.5,25.0
12609,140.75,25.0
12610,140.75,25.0
12611,140.25,25.0
12612,140.25,25.0
12613,140.75,24.0
12614,140.75,24.0
12615,140.75,24.0
12616,140.25,24.0
12617,140.25,24.0
12618,139.5,24.0
12619,139.5,23.0
12620,137.0,23.0
12621,137.0,23.0
12622,138.25,23.0
12623,136.25,23.0
12624,136.25,23.0
12625,137.5,23.0
12626,137.5,23.0
12627,137.5,23.0
12628,137.0,23.0
12629,137.0,23.0
12630,136.25,23.0
12631,136.25,23.0
12632,137.5,23.0
12633,137.5,23.0
12634,137.5,23.0
12635,138.25,25.0
12636,138.25,25.0
12637,137.5,26.0
12638,137.5,26.0
12639,139.0,25.0
12640,139.0,25.0
12641,138.25,25.0
12642,139.5,25.0
12643,139.5,24.0
12644,140.25,24.0
12645,140.25,23.0
12646,138.25,23.0
12647,139.5,22.0
12648,139.5,22.0
12649,139.5,21.0
12650,139.5,21.0
12651,139.5,22.0
12652,139.5,22.0
12653,139.5,23.0
12654,140.25,23.0
12655,137.5,23.0
12656,140.25,23.0
12657,140.25,24.0
12658,139.5,24.0
12659,140.25,26.0
12660,140.25,26.0
12661,139.0,25.0
12662,139.0,25.0
12663,139.5,24.0
12664,139.5,24.0
12665,139.5,23.0
12666,139.5,23.0
12667,139.5,23.0
12668,139.0,23.0
12669,139.0,23.0
12670,139.5,23.0
12671,139.5,23.0
12672,140.25,23.0
12673,139.5,23.0
12674,139.5,23.0
12675,139.5,23.0
12676,139.5,23.0
12677,140.25,23.0
12678,141.5,23.0
12679,141.5,23.0
12680,140.75,23.0
12681,140.75,23.0
12682,141.5,23.0
12683,142.25,23.0
12684,142.25,23.0
12685,142.75,23.0
12686,142.75,23.0
12687,142.75,24.0
12688,142.75,24.0
12689,142.75,23.0
12690,142.25,23.0
12691,142.75,22.0
12692,142.75,22.0
12693,142.75,21.0
12694,142.25,21.0
12695,142.25,21.0
12696,142.25,21.0
12697,140.25,22.0
12698,140.25,22.0
12699,141.5,24.0
12700,140.75,24.0
12701,140.75,23.0
12702,141.5,23.0
12703,141.5,21.0
12704,140.25,21.0
12705,140.75,21.0
12706,140.75,21.0
12707,140.75,20.0
12708,140.75,20.0
12709,140.75,20.0
12710,140.75,20.0
12711,141.5,21.0
12712,141.5,21.0
12713,141.5,22.0
12714,142.25,22.0
12715,142.25,21.0
12716,141.5,21.0
12717,141.5,19.0
12718,142.75,19.0
12719,142.25,19.0
12720,142.25,19.0
12721,140.75,18.0
12722,142.25,18.0
12723,142.25,18.0
12724,142.75,18.0
12725,142.75,18.0
12726,141.5,18.0
12727,141.5,19.0
12728,140.75,19.0
12729,140.25,19.0
12730,140.25,19.0
12731,142.25,19.0
12732,142.25,19.0
12733,142.25,17.0
12734,141.5,17.0
12735,141.5,17.0
12736,142.25,17.0
12737,142.25,17.0
12738,140.75,17.0
12739,142.75,16.0
12740,142.75,16.0
12741,142.75,16.0
12742,142.75,16.0
12743,142.25,17.0
12744,143.5,17.0
12745,143.5,17.0
12746,143.5,17.0
12747,143.5,16.0
12748,143.5,16.0
12749,143.5,16.0
12750,143.5,16.0
12751,143.5,15.0
12752,143.5,15.0
12753,144.25,15.0
12754,143.5,15.0
12755,143.5,15.0
12756,144.25,15.0
12757,144.25,15.0
12758,144.25,15.0
12759,144.25,15.0
12760,144.25,15.0
12761,143.5,16.0
12762,143.5,16.0
12763,144.25,16.0
12764,142.75,16.0
12765,142.75,15.0
12766,142.75,15.0
12767,142.75,14.0
12768,142.75,14.0
12769,142.75,14.0
12770,142.75,14.0
12771,143.5,13.0
12772,143.5,13.0
12773,143.5,13.0
12774,142.25,13.0
12775,142.25,14.0
12776,142.25,14.0
12777,142.25,15.0
12778,141.5,15.0
12779,141.5,14.0
12780,141.5,14.0
12781,142.25,13.0
12782,142.25,13.0
12783,141.5,12.0
12784,141.5,12.0
12785,142.25,12.0
12786,141.5,12.0
12787,141.5,12.0
12788,142.25,12.0
12789,142.25,11.0
12790,142.25,11.0
12791,141.5,11.0
12792,141.5,11.0
12793,142.75,12.0
12794,142.75,12.0
12795,143.5,12.0
12796,142.25,12.0
12797,142.25,12.0
12798,143.5,12.0
12799,143.5,13.0
12800,142.75,13.0
12801,142.75,13.0
12802,142.25,13.0
12803,142.75,14.0
12804,142.75,14.0
12805,142.75,14.0
12806,140.75,14.0
12807,142.25,14.0
12808,141.5,14.0
12809,141.5,13.0
12810,140.75,13.0
12811,140.75,12.0
12812,140.75,12.0
12813,140.75,11.0
12814,140.75,11.0
12815,140.25,11.0
12816,140.25,11.0
12817,140.25,11.0
12818,140.25,11.0
12819,139.5,12.0
12820,136.25,12.0
12821,136.25,12.0
12822,138.25,12.0
12823,138.25,12.0
12824,136.25,12.0
12825,136.25,11.0
12826,138.25,11.0
12827,137.5,11.0
12828,137.5,11.0
12829,137.5,12.0
12830,137.5,12.0
12831,137.5,14.0
12832,137.5,14.0
12833,136.25,18.0
12834,136.25,18.0
12835,136.25,22.0
12836,137.5,22.0
12837,137.5,28.0
12838,137.5,28.0
12839,137.5,34.0
12840,136.25,34.0
12841,136.25,36.0
12842,136.25,36.0
12843,134.0,33.0
12844,134.0,33.0
12845,134.5,27.0
12846,134.5,27.0
12847,134.0,23.0
12848,133.25,23.0
12849,133.25,21.0
12850,132.75,21.0
12851,132.75,19.0
12852,132.75,19.0
12853,132.75,15.0
12854,134.5,15.0
12855,134.5,14.0
12856,134.0,14.0
12857,134.5,15.0
12858,134.5,15.0
12859,134.0,17.0
12860,134.0,17.0
12861,135.25,18.0
12862,135.25,18.0
12863,132.25,19.0
12864,132.25,19.0
12865,133.25,23.0
12866,131.5,23.0
12867,131.5,30.0
12868,131.0,30.0
12869,131.0,30.0
12870,130.5,30.0
12871,130.5,26.0
12872,129.75,26.0
12873,129.75,22.0
12874,131.0,22.0
12875,131.0,21.0
12876,131.5,21.0
12877,132.75,21.0
12878,132.75,21.0
12879,132.75,23.0
12880,132.75,23.0
12881,132.25,25.0
12882,132.25,25.0
12883,131.5,26.0
12884,131.5,26.0
12885,130.5,29.0
12886,130.5,29.0
12887,131.0,34.0
12888,128.75,34.0
12889,128.75,33.0
12890,129.75,33.0
12891,129.75,27.0
12892,129.25,27.0
12893,129.25,24.0
12894,127.0,24.0
12895,127.0,25.0
12896,128.25,25.0
12897,128.25,28.0
12898,128.75,28.0
12899,128.75,31.0
12900,128.75,31.0
12901,128.75,33.0
12902,127.0,33.0
12903,127.0,30.0
12904,127.0,30.0
12905,126.5,26.0
12906,126.5,26.0
12907,123.5,23.0
12908,123.5,23.0
12909,125.0,23.0
12910,125.0,23.0
12911,126.5,23.0
12912,126.5,23.0
12913,128.25,22.0
12914,128.25,22.0
12915,128.75,23.0
12916,128.75,23.0
12917,127.75,26.0
12918,127.75,26.0
12919,129.75,30.0
12920,129.25,30.0
12921,129.25,31.0
12922,130.5,31.0
12923,130.5,29.0
12924,128.25,29.0
12925,128.25,26.0
12926,125.5,26.0
12927,125.5,23.0
12928,126.0,23.0
12929,126.0,23.0
12930,125.5,23.0
12931,125.5,25.0
12932,125.5,25.0
12933,125.5,27.0
12934,127.75,27.0
12935,128.25,26.0
12936,128.25,26.0
12937,129.75,25.0
12938,129.75,25.0
12939,127.75,23.0
12940,127.75,23.0
12941,129.75,22.0
12942,129.75,22.0
12943,128.25,20.0
12944,128.25,20.0
12945,128.75,20.0
12946,128.75,20.0
12947,131.0,19.0
12948,131.5,19.0
12949,131.5,16.0
12950,131.5,16.0
12951,131.5,17.0
12952,132.25,17.0
12953,132.25,20.0
12954,130.5,20.0
12955,130.5,21.0
12956,130.5,21.0
12957,130.5,24.0
12958,131.5,24.0
12959,128.25,29.0
12960,128.25,29.0
12961,128.75,36.0
12962,128.75,36.0
12963,131.5,47.0
12964,131.5,47.0
12965,131.0,60.0
12966,131.0,60.0
12967,129.75,70.0
12968,129.75,70.0
12969,131.0,73.0
12970,131.5,73.0
12971,131.5,73.0
12972,126.0,73.0
12973,126.0,71.0
12974,127.0,71.0
12975,127.0,69.0
12976,124.5,69.0
12977,124.5,71.0
12978,126.0,71.0
12979,126.0,73.0
12980,126.5,73.0
12981,126.5,71.0
12982,127.0,71.0
12983,127.0,64.0
12984,124.5,64.0
12985,124.5,56.0
12986,122.0,56.0
12987,122.0,50.0
12988,122.5,50.0
12989,122.5,45.0
12990,123.0,45.0
12991,123.0,41.0
12992,124.0,41.0
12993,124.0,39.0
12994,125.5,39.0
12995,125.5,40.0
12996,122.5,40.0
12997,123.0,41.0
12998,123.0,41.0
12999,125.0,41.0
13000,125.0,41.0
13001,124.0,39.0
13002,124.0,39.0
13003,122.5,34.0
13004,122.5,34.0
13005,126.0,30.0
13006,126.0,30.0
13007,125.0,30.0
13008,125.0,30.0
13009,124.0,34.0
13010,124.0,34.0
13011,126.0,41.0
13012,126.0,41.0
13013,126.0,48.0
13014,124.5,48.0
13015,127.0,52.0
13016,127.0,52.0
13017,127.0,53.0
13018,127.0,53.0
13019,116.75,55.0
13020,116.75,55.0
13021,115.5,59.0
13022,115.5,59.0
13023,118.5,67.0
13024,118.5,67.0
13025,120.5,73.0
13026,120.5,73.0
13027,124.0,71.0
13028,124.0,71.0
13029,125.0,67.0
13030,125.0,67.0
13031,125.5,66.0
13032,125.0,66.0
13033,125.0,67.0
13034,120.5,67.0
13035,120.5,67.0
13036,122.5,67.0
13037,122.5,65.0
13038,119.0,65.0
13039,119.0,63.0
13040,120.0,63.0
13041,120.0,62.0
13042,124.5,62.0
13043,124.5,62.0
13044,126.0,62.0
13045,126.0,62.0
13046,128.75,62.0
13047,128.75,62.0
13048,129.75,62.0
13049,129.75,61.0
13050,131.5,61.0
13051,131.5,58.0
13052,129.25,58.0
13053,129.25,52.0
13054,129.75,52.0
13055,132.25,48.0
13056,132.25,48.0
13057,132.75,48.0
13058,132.75,48.0
13059,131.0,49.0
13060,131.0,49.0
13061,132.25,47.0
13062,132.25,47.0
13063,131.5,45.0
13064,131.0,45.0
13065,131.0,46.0
13066,129.25,46.0
13067,129.25,47.0
13068,130.5,47.0
13069,130.5,47.0
13070,127.75,47.0
13071,127.75,50.0
13072,129.25,50.0
13073,129.25,51.0
13074,131.5,51.0
13075,131.5,47.0
13076,129.75,47.0
13077,129.75,44.0
13078,132.25,44.0
13079,132.75,43.0
13080,132.75,43.0
13081,129.75,40.0
13082,129.75,40.0
13083,130.5,35.0
13084,130.5,35.0
13085,131.0,36.0
13086,131.0,36.0
13087,129.25,43.0
13088,132.75,43.0
13089,132.75,49.0
13090,135.75,49.0
13091,135.75,46.0
13092,135.75,46.0
13093,135.75,44.0
13094,134.5,44.0
13095,133.25,45.0
13096,133.25,45.0
13097,130.5,43.0
13098,130.5,43.0
13099,133.25,35.0
13100,133.25,35.0
13101,136.25,31.0
13102,136.25,31.0
13103,137.0,30.0
13104,138.25,30.0
13105,138.25,29.0
13106,139.0,29.0
13107,139.0,29.0
13108,140.75,29.0
13109,141.5,29.0
13110,141.5,29.0
13111,142.75,29.0
13112,142.75,29.0
13113,142.25,29.0
13114,142.25,29.0
13115,140.75,30.0
13116,136.25,30.0
13117,136.25,31.0
13118,139.5,31.0
13119,139.5,32.0
13120,138.25,32.0
13121,138.25,33.0
13122,139.0,33.0
13123,137.0,33.0
13124,137.0,33.0
13125,138.25,34.0
13126,138.25,34.0
13127,138.25,34.0
13128,138.25,34.0
13129,138.25,35.0
13130,132.75,35.0
13131,132.75,36.0
13132,130.5,36.0
13133,130.5,37.0
13134,131.5,37.0
13135,131.5,38.0
13136,134.5,38.0
13137,134.5,38.0
13138,134.0,38.0
13139,134.5,39.0
13140,134.5,39.0
13141,135.75,40.0
13142,135.75,40.0
13143,131.5,40.0
13144,131.5,40.0
13145,135.75,40.0
13146,134.0,40.0
13147,134.0,40.0
13148,136.25,40.0
13149,136.25,40.0
13150,136.25,40.0
13151,136.25,40.0
13152,137.5,40.0
13153,136.25,40.0
13154,136.25,40.0
13155,137.5,40.0
13156,137.5,40.0
13157,137.5,40.0
13158,137.5,40.0
13159,137.5,39.0
13160,139.0,39.0
13161,139.0,38.0
13162,138.25,38.0
13163,138.25,37.0
13164,139.0,37.0
13165,139.0,37.0
13166,139.5,37.0
13167,139.5,36.0
13168,139.5,36.0
13169,140.25,36.0
13170,140.25,36.0
13171,140.75,36.0
13172,140.75,36.0
13173,140.75,36.0
13174,141.5,36.0
13175,141.5,36.0
13176,141.5,36.0
13177,141.5,35.0
13178,139.0,35.0
13179,141.5,33.0
13180,141.5,33.0
13181,139.5,32.0
13182,139.5,32.0
13183,140.75,35.0
13184,140.25,35.0
13185,140.25,40.0
13186,140.75,40.0
13187,140.75,46.0
13188,140.75,46.0
13189,140.75,47.0
13190,141.5,47.0
13191,140.75,45.0
13192,140.75,45.0
13193,141.5,45.0
13194,141.5,45.0
13195,142.75,48.0
13196,142.25,48.0
13197,142.25,49.0
13198,140.75,49.0
13199,140.75,49.0
13200,141.5,49.0
13201,141.5,49.0
13202,141.5,49.0
13203,141.5,49.0
13204,141.5,49.0
13205,139.5,46.0
13206,139.5,46.0
13207,140.75,39.0
13208,140.25,39.0
13209,140.25,36.0
13210,140.75,36.0
13211,140.75,36.0
13212,140.75,36.0
13213,140.75,37.0
13214,140.75,37.0
13215,140.75,39.0
13216,140.75,39.0
13217,140.25,40.0
13218,140.75,40.0
13219,140.75,40.0
13220,140.75,40.0
13221,140.75,38.0
13222,140.75,38.0
13223,140.75,38.0
13224,140.75,38.0
13225,141.5,38.0
13226,141.5,38.0
13227,140.25,38.0
13228,140.25,38.0
13229,141.5,38.0
13230,140.75,38.0
13231,140.75,39.0
13232,142.25,39.0
13233,142.25,41.0
13234,141.5,41.0
13235,140.25,41.0
13236,140.25,41.0
13237,137.5,42.0
13238,137.5,42.0
13239,136.25,43.0
13240,136.25,43.0
13241,136.25,43.0
13242,136.25,43.0
13243,135.25,44.0
13244,135.75,44.0
13245,135.75,44.0
13246,135.25,44.0
13247,135.25,43.0
13248,134.0,43.0
13249,134.0,43.0
13250,134.0,43.0
13251,135.25,47.0
13252,135.25,47.0
13253,134.0,50.0
13254,134.0,50.0
13255,131.0,48.0
13256,131.0,48.0
13257,131.0,46.0
13258,131.0,46.0
13259,132.25,46.0
13260,132.75,46.0
13261,132.75,47.0
13262,131.5,47.0
13263,131.5,52.0
13264,130.5,52.0
13265,130.5,56.0
13266,132.25,56.0
13267,132.25,58.0
13268,131.0,58.0
13269,131.0,60.0
13270,131.0,60.0
13271,131.5,62.0
13272,131.5,62.0
13273,131.0,63.0
13274,131.0,63.0
13275,131.0,61.0
13276,131.0,61.0
13277,128.25,58.0
13278,128.25,58.0
13279,130.5,56.0
13280,130.5,56.0
13281,127.75,58.0
13282,127.75,58.0
13283,128.25,56.0
13284,128.25,56.0
13285,128.25,55.0
13286,128.75,55.0
13287,128.75,58.0
13288,129.25,58.0
13289,129.25,63.0
13290,131.0,63.0
13291,131.0,64.0
13292,129.25,64.0
13293,129.25,65.0
13294,126.5,65.0
13295,126.5,66.0
13296,127.75,66.0
13297,129.25,67.0
13298,129.25,67.0
13299,126.0,66.0
13300,126.0,66.0
13301,126.0,65.0
13302,126.0,65.0
13303,128.75,63.0
13304,128.75,63.0
13305,127.75,59.0
13306,127.75,59.0
13307,129.75,53.0
13308,129.75,53.0
13309,129.75,51.0
13310,129.75,51.0
13311,128.25,53.0
13312,129.75,53.0
13313,129.75,55.0
13314,131.0,55.0
13315,131.0,57.0
13316,128.25,57.0
13317,128.25,58.0
13318,127.75,58.0
13319,127.75,59.0
13320,129.75,59.0
13321,129.75,58.0
13322,128.25,58.0
13323,128.25,58.0
13324,131.0,58.0
13325,129.75,57.0
13326,129.75,57.0
13327,131.5,56.0
13328,131.5,56.0
13329,130.5,55.0
13330,130.5,55.0
13331,131.5,55.0
13332,131.5,55.0
13333,128.25,53.0
13334,128.25,53.0
13335,129.75,52.0
13336,129.75,52.0
13337,129.75,50.0
13338,129.25,50.0
13339,129.25,49.0
13340,130.5,49.0
13341,130.5,49.0
13342,129.25,49.0
13343,129.25,47.0
13344,129.25,47.0
13345,129.25,48.0
13346,128.25,48.0
13347,128.25,49.0
13348,127.0,49.0
13349,127.0,47.0
13350,128.25,47.0
13351,126.0,41.0
13352,126.0,41.0
13353,125.0,36.0
13354,125.0,36.0
13355,128.25,38.0
13356,128.25,38.0
13357,128.25,42.0
13358,128.25,42.0
13359,128.25,44.0
13360,128.25,44.0
13361,130.5,45.0
13362,130.5,45.0
13363,129.75,45.0
13364,129.75,45.0
13365,129.75,46.0
13366,132.25,46.0
13367,132.25,46.0
13368,131.5,46.0
13369,131.5,45.0
13370,132.25,45.0
13371,132.25,44.0
13372,131.0,44.0
13373,131.0,43.0
13374,132.75,43.0
13375,133.25,42.0
13376,133.25,42.0
13377,131.5,42.0
13378,131.5,42.0
13379,133.25,41.0
13380,133.25,41.0
13381,131.0,40.0
13382,131.0,40.0
13383,133.25,40.0
13384,133.25,40.0
13385,131.0,40.0
13386,131.0,40.0
13387,132.75,40.0
13388,132.75,40.0
13389,132.75,39.0
13390,134.0,39.0
13391,134.0,39.0
13392,134.5,39.0
13393,134.5,38.0
13394,132.75,38.0
13395,131.0,38.0
13396,131.0,38.0
13397,132.75,38.0
13398,132.75,38.0
13399,132.25,39.0
13400,132.25,39.0
13401,131.5,38.0
13402,131.5,38.0
13403,128.25,37.0
13404,128.25,37.0
13405,127.75,36.0
13406,129.25,36.0
13407,129.25,35.0
13408,130.5,35.0
13409,130.5,34.0
13410,130.5,34.0
13411,130.5,33.0
13412,131.0,33.0
13413,131.0,33.0
13414,130.5,33.0
13415,130.5,33.0
13416,133.25,33.0
13417,132.75,34.0
13418,132.75,34.0
13419,132.75,35.0
13420,132.75,35.0
13421,133.25,34.0
13422,133.25,34.0
13423,132.25,33.0
13424,132.25,33.0
13425,134.0,32.0
13426,134.5,32.0
13427,134.5,30.0
13428,134.0,30.0
13429,134.0,29.0
13430,135.25,29.0
13431,135.25,28.0
13432,134.5,28.0
13433,135.25,28.0
13434,135.25,28.0
13435,132.75,29.0
13436,132.75,29.0
13437,134.0,29.0
13438,134.0,29.0
13439,131.5,29.0
13440,131.5,29.0
13441,134.0,28.0
13442,134.0,28.0
13443,132.75,26.0
13444,133.25,26.0
13445,133.25,25.0
13446,132.75,25.0
13447,132.75,26.0
13448,134.5,26.0
13449,134.5,27.0
13450,131.5,27.0
13451,131.5,26.0
13452,133.25,26.0
13453,134.0,26.0
13454,134.0,26.0
13455,132.75,26.0
13456,132.75,26.0
13457,132.25,26.0
13458,132.25,26.0
13459,132.75,26.0
13460,132.75,26.0
13461,134.0,27.0
13462,131.5,27.0
13463,131.5,27.0
13464,131.5,27.0
13465,131.5,26.0
13466,131.5,26.0
13467,131.5,26.0
13468,133.25,26.0
13469,133.25,25.0
13470,132.25,25.0
13471,132.75,25.0
13472,132.75,25.0
13473,134.0,25.0
13474,134.0,25.0
13475,134.5,26.0
13476,134.5,26.0
13477,135.75,26.0
13478,135.75,26.0
13479,136.25,25.0
13480,135.75,25.0
13481,135.75,25.0
13482,135.75,25.0
13483,135.75,25.0
13484,136.25,25.0
13485,136.25,25.0
13486,135.25,25.0
13487,134.5,26.0
13488,134.5,26.0
13489,134.0,26.0
13490,134.0,26.0
13491,134.5,26.0
13492,134.5,26.0
13493,133.25,25.0
13494,133.25,25.0
13495,135.25,25.0
13496,134.5,25.0
13497,134.5,25.0
13498,132.75,25.0
13499,132.75,25.0
13500,134.0,25.0
13501,134.0,26.0
13502,134.5,26.0
13503,134.5,26.0
13504,134.5,26.0
13505,135.75,25.0
13506,135.75,25.0
13507,135.25,25.0
13508,135.25,25.0
13509,135.75,25.0
13510,135.75,25.0
13511,132.25,25.0
13512,134.0,25.0
13513,134.0,25.0
13514,134.5,25.0
13515,134.5,26.0
13516,134.0,26.0
13517,134.0,27.0
13518,134.0,27.0
13519,134.0,27.0
13520,134.0,27.0
13521,134.5,27.0
13522,134.5,27.0
13523,135.25,27.0
13524,135.25,27.0
13525,134.5,28.0
13526,134.5,28.0
13527,135.75,28.0
13528,135.75,28.0
13529,135.75,29.0
13530,134.0,29.0
13531,134.0,31.0
13532,135.75,31.0
13533,135.75,32.0
13534,135.75,32.0
13535,135.75,31.0
13536,135.75,31.0
13537,135.75,30.0
13538,135.75,30.0
13539,135.75,30.0
13540,135.75,30.0
13541,135.25,31.0
13542,135.25,31.0
13543,135.25,32.0
13544,136.25,32.0
13545,136.25,33.0
13546,136.25,33.0
13547,136.25,33.0
13548,136.25,33.0
13549,136.25,34.0
13550,136.25,34.0
13551,134.5,34.0
13552,134.5,34.0
13553,135.25,35.0
13554,135.25,35.0
13555,135.75,35.0
13556,135.75,35.0
13557,135.25,35.0
13558,135.25,35.0
13559,133.25,35.0
13560,135.25,35.0
13561,135.25,35.0
13562,132.75,35.0
13563,132.75,36.0
13564,133.25,36.0
13565,133.25,36.0
13566,132.75,36.0
13567,132.75,36.0
13568,132.25,36.0
13569,134.0,36.0
13570,134.0,36.0
13571,132.75,37.0
13572,132.75,37.0
13573,133.25,37.0
13574,133.25,37.0
13575,132.75,37.0
13576,132.75,37.0
13577,135.25,36.0
13578,133.25,36.0
13579,133.25,35.0
13580,128.25,35.0
13581,128.25,35.0
13582,130.5,35.0
13583,130.5,35.0
13584,131.5,35.0
13585,131.5,36.0
13586,132.75,36.0
13587,132.75,37.0
13588,131.5,37.0
13589,129.75,38.0
13590,129.75,38.0
13591,131.0,38.0
13592,131.0,38.0
13593,130.5,38.0
13594,130.5,38.0
13595,131.0,38.0
13596,131.0,38.0
13597,130.5,38.0
13598,130.5,38.0
13599,129.25,39.0
13600,129.75,39.0
13601,129.75,39.0
13602,129.75,39.0
13603,129.75,39.0
13604,129.75,39.0
13605,129.75,39.0
13606,131.5,39.0
13607,131.5,39.0
13608,131.0,39.0
13609,131.0,39.0
13610,131.0,39.0
13611,131.5,40.0
13612,131.5,40.0
13613,132.25,40.0
13614,132.25,40.0
13615,130.5,41.0
13616,130.5,41.0
13617,130.5,41.0
13618,130.5,41.0
13619,131.0,41.0
13620,131.0,41.0
13621,132.25,41.0
13622,132.75,41.0
13623,132.75,42.0
13624,132.75,42.0
13625,132.75,43.0
13626,132.75,43.0
13627,132.75,44.0
13628,131.0,44.0
13629,131.0,45.0
13630,131.5,45.0
13631,132.25,46.0
13632,132.25,46.0
13633,131.0,47.0
13634,131.0,47.0
13635,132.25,46.0
13636,132.25,46.0
13637,129.75,44.0
13638,129.75,44.0
13639,132.25,43.0
13640,132.25,43.0
13641,132.25,44.0
13642,132.25,44.0
13643,132.25,44.0
13644,133.25,44.0
13645,133.25,44.0
13646,132.25,44.0
13647,132.25,41.0
13648,132.25,41.0
13649,132.25,38.0
13650,132.25,38.0
13651,132.25,40.0
13652,131.5,40.0
13653,128.75,46.0
13654,128.75,46.0
13655,131.0,49.0
13656,131.0,49.0
13657,130.5,49.0
13658,130.5,49.0
13659,131.5,49.0
13660,131.5,49.0
13661,129.25,49.0
13662,129.25,49.0
13663,131.5,49.0
13664,131.0,49.0
13665,131.0,49.0
13666,131.0,49.0
13667,131.0,49.0
13668,130.5,49.0
13669,130.5,50.0
13670,129.25,50.0
13671,129.25,50.0
13672,129.75,50.0
13673,129.75,50.0
13674,129.25,50.0
13675,129.25,49.0
13676,129.25,49.0
13677,127.0,49.0
13678,127.0,49.0
13679,128.75,48.0
13680,128.75,48.0
13681,129.75,48.0
13682,129.75,48.0
13683,129.25,49.0
13684,129.25,49.0
13685,126.5,49.0
13686,126.5,49.0
13687,127.75,49.0
13688,127.75,49.0
13689,129.75,47.0
13690,131.0,47.0
13691,131.0,47.0
13692,131.5,47.0
13693,131.5,48.0
13694,131.0,48.0
13695,131.0,49.0
13696,132.75,49.0
13697,132.75,48.0
13698,132.75,48.0
13699,133.25,47.0
13700,133.25,47.0
13701,133.25,47.0
13702,133.25,47.0
13703,132.25,47.0
13704,132.25,47.0
13705,131.0,47.0
13706,131.0,47.0
13707,132.25,47.0
13708,132.25,47.0
13709,132.25,46.0
13710,132.75,46.0
13711,132.75,46.0
13712,132.25,46.0
13713,132.25,47.0
13714,133.25,47.0
13715,133.25,47.0
13716,132.25,47.0
13717,132.25,47.0
13718,132.75,47.0
13719,133.25,45.0
13720,133.25,45.0
13721,132.75,42.0
13722,132.75,42.0
13723,133.25,41.0
13724,133.25,41.0
13725,134.0,41.0
13726,134.0,41.0
13727,134.0,41.0
13728,133.25,41.0
13729,133.25,40.0
13730,134.5,40.0
13731,134.5,41.0
13732,135.25,41.0
13733,135.25,42.0
13734,134.0,42.0
13735,134.0,42.0
13736,131.5,42.0
13737,129.25,39.0
13738,129.25,39.0
13739,131.0,36.0
13740,131.0,36.0
13741,132.25,38.0
13742,132.25,38.0
13743,132.25,42.0
13744,132.25,42.0
13745,132.25,43.0
13746,132.25,43.0
13747,130.5,44.0
13748,129.25,44.0
13749,129.25,43.0
13750,131.0,43.0
13751,131.0,41.0
13752,130.5,41.0
13753,130.5,38.0
13754,132.25,38.0
13755,132.25,36.0
13756,132.25,36.0
13757,132.25,37.0
13758,129.25,37.0
13759,131.0,39.0
13760,131.0,39.0
13761,129.75,40.0
13762,129.75,40.0
13763,130.5,38.0
13764,130.5,38.0
13765,130.5,35.0
13766,130.5,35.0
13767,129.25,35.0
13768,129.25,35.0
13769,128.75,38.0
13770,128.75,38.0
13771,128.75,38.0
13772,128.75,38.0
13773,128.75,35.0
13774,129.75,35.0
13775,129.75,33.0
13776,129.25,33.0
13777,129.25,34.0
13778,127.0,34.0
13779,127.0,37.0
13780,129.25,37.0
13781,129.25,39.0
13782,127.0,39.0
13783,127.0,42.0
13784,127.75,42.0
13785,128.25,45.0
13786,128.25,45.0
13787,127.75,41.0
13788,127.75,41.0
13789,127.75,33.0
13790,126.5,33.0
13791,125.5,30.0
13792,125.5,30.0
13793,126.5,33.0
13794,126.5,33.0
13795,126.0,35.0
13796,126.0,35.0
13797,125.5,34.0
13798,125.5,34.0
13799,125.0,30.0
13800,125.0,30.0
13801,125.5,28.0
13802,125.5,28.0
13803,124.5,28.0
13804,124.5,28.0
13805,124.5,30.0
13806,123.0,30.0
13807,123.0,31.0
13808,126.0,31.0
13809,126.0,31.0
13810,124.0,31.0
13811,124.0,31.0
13812,123.5,31.0
13813,123.5,31.0
13814,120.0,31.0
13815,120.0,31.0
13816,121.0,31.0
13817,121.0,31.0
13818,122.5,31.0
13819,122.5,31.0
13820,124.5,31.0
13821,124.5,32.0
13822,124.5,32.0
13823,124.5,32.0
13824,126.0,32.0
13825,126.0,32.0
13826,121.0,32.0
13827,121.0,31.0
13828,118.5,31.0
13829,118.5,31.0
13830,123.0,31.0
13831,123.0,31.0
13832,125.0,31.0
13833,125.0,31.0
13834,126.0,31.0
13835,126.0,31.0
13836,126.0,31.0
13837,126.0,30.0
13838,125.0,30.0
13839,126.5,30.0
13840,126.5,30.0
13841,126.0,30.0
13842,126.0,30.0
13843,123.5,29.0
13844,123.5,29.0
13845,126.0,28.0
13846,126.0,28.0
13847,126.0,28.0
13848,126.0,28.0
13849,125.0,29.0
13850,125.0,29.0
13851,127.0,28.0
13852,127.0,28.0
13853,126.0,28.0
13854,126.0,28.0
13855,128.75,29.0
13856,128.75,29.0
13857,126.5,31.0
13858,126.0,31.0
13859,126.0,33.0
13860,126.0,33.0
13861,126.0,33.0
13862,127.0,33.0
13863,127.0,33.0
13864,127.75,33.0
13865,127.75,32.0
13866,128.75,32.0
13867,128.75,31.0
13868,127.0,31.0
13869,127.0,30.0
13870,127.75,30.0
13871,127.75,31.0
13872,126.5,31.0
13873,126.5,31.0
13874,127.75,31.0
13875,127.0,30.0
13876,127.0,30.0
13877,127.75,31.0
13878,127.75,31.0
13879,126.0,31.0
13880,126.0,31.0
13881,126.0,30.0
13882,127.75,30.0
13883,128.25,30.0
13884,128.25,30.0
13885,129.25,30.0
13886,129.25,30.0
13887,129.25,30.0
13888,129.25,30.0
13889,129.25,29.0
13890,129.25,29.0
13891,129.25,29.0
13892,130.5,29.0
13893,130.5,29.0
13894,127.0,29.0
13895,127.0,29.0
13896,130.5,29.0
13897,130.5,30.0
13898,129.25,30.0
13899,129.25,31.0
13900,131.5,31.0
13901,131.5,31.0
13902,131.0,31.0
13903,131.0,30.0
13904,131.0,30.0
13905,129.25,29.0
13906,129.25,29.0
13907,131.5,28.0
13908,131.5,28.0
13909,132.25,28.0
13910,132.25,28.0
13911,131.5,28.0
13912,133.25,28.0
13913,133.25,28.0
13914,132.25,28.0
13915,132.25,28.0
13916,129.75,28.0
13917,129.75,27.0
13918,132.25,27.0
13919,132.25,28.0
13920,131.5,28.0
13921,131.5,28.0
13922,132.75,28.0
13923,132.75,27.0
13924,132.75,27.0
13925,132.75,25.0
13926,132.75,25.0
13927,133.25,25.0
13928,133.25,25.0
13929,133.25,25.0
13930,133.25,25.0
13931,132.25,25.0
13932,133.25,25.0
13933,133.25,25.0
13934,133.25,25.0
13935,133.25,25.0
13936,132.25,25.0
13937,132.25,25.0
13938,133.25,25.0
13939,133.25,25.0
13940,132.75,25.0
13941,133.25,25.0
13942,133.25,25.0
13943,132.75,26.0
13944,132.75,26.0
13945,133.25,26.0
13946,133.25,26.0
13947,134.5,27.0
13948,134.5,27.0
13949,132.75,27.0
13950,132.75,27.0
13951,132.75,27.0
13952,134.0,27.0
13953,134.0,27.0
13954,134.0,27.0
13955,134.0,27.0
13956,133.25,27.0
13957,133.25,28.0
13958,134.5,28.0
13959,133.25,29.0
13960,133.25,29.0
13961,133.25,29.0
13962,133.25,29.0
13963,132.75,30.0
13964,132.75,30.0
13965,134.0,30.0
13966,134.0,30.0
13967,132.75,30.0
13968,132.25,30.0
13969,132.25,30.0
13970,133.25,30.0
13971,133.25,30.0
13972,133.25,30.0
13973,133.25,30.0
13974,133.25,30.0
13975,133.25,30.0
13976,134.5,30.0
13977,135.25,30.0
13978,135.25,30.0
13979,134.5,31.0
13980,134.5,31.0
13981,133.25,31.0
13982,133.25,31.0
13983,134.5,30.0
13984,134.5,30.0
13985,132.75,29.0
13986,132.25,29.0
13987,132.25,27.0
13988,132.75,27.0
13989,132.75,26.0
13990,129.75,26.0
13991,129.75,26.0
13992,131.5,26.0
13993,131.5,26.0
13994,132.75,26.0
13995,134.0,28.0
13996,134.0,28.0
13997,134.0,31.0
13998,134.0,31.0
13999,133.25,34.0
14000,133.25,34.0
14001,133.25,35.0
14002,134.5,35.0
14003,132.25,36.0
14004,132.75,36.0
14005,132.75,35.0
14006,133.25,35.0
14007,133.25,33.0
14008,129.75,33.0
14009,129.75,31.0
14010,128.75,31.0
14011,128.75,31.0
14012,127.75,31.0
14013,127.75,33.0
14014,125.0,33.0
14015,125.0,35.0
14016,124.5,35.0
14017,124.5,37.0
14018,124.5,37.0
14019,124.5,40.0
14020,125.0,40.0
14021,125.0,43.0
14022,125.0,43.0
14023,123.0,45.0
14024,123.0,45.0
14025,125.0,47.0
14026,125.0,47.0
14027,125.5,49.0
14028,125.5,49.0
14029,125.5,50.0
14030,125.5,50.0
14031,124.0,52.0
14032,124.0,52.0
14033,127.75,54.0
14034,127.75,54.0
14035,127.75,56.0
14036,127.75,56.0
14037,127.0,57.0
14038,127.0,57.0
14039,127.0,59.0
14040,127.0,59.0
14041,127.0,60.0
14042,124.5,60.0
14043,125.0,58.0
14044,121.5,58.0
14045,121.5,55.0
14046,118.0,55.0
14047,118.0,56.0
14048,122.0,56.0
14049,122.0,56.0
14050,122.5,56.0
14051,122.5,55.0
14052,122.5,55.0
14053,122.5,52.0
14054,123.0,52.0
14055,123.0,44.0
14056,119.0,44.0
14057,119.0,37.0
14058,122.0,37.0
14059,122.0,35.0
14060,122.5,35.0
14061,122.5,35.0
14062,121.0,35.0
14063,121.0,35.0
14064,121.5,35.0
14065,121.5,37.0
14066,124.5,37.0
14067,124.5,40.0
14068,125.5,40.0
14069,125.5,40.0
14070,125.0,40.0
14071,125.0,36.0
14072,126.5,36.0
14073,126.5,33.0
14074,124.0,33.0
14075,124.0,32.0
14076,121.0,32.0
14077,121.0,34.0
14078,123.0,34.0
14079,123.0,36.0
14080,120.5,36.0
14081,120.5,39.0
14082,120.0,39.0
14083,120.0,41.0
14084,120.5,41.0
14085,120.5,43.0
14086,121.5,43.0
14087,121.5,44.0
14088,120.5,44.0
14089,120.5,41.0
14090,123.5,41.0
14091,123.5,35.0
14092,122.5,35.0
14093,122.5,34.0
14094,124.5,34.0
14095,123.5,38.0
14096,123.5,38.0
14097,123.5,40.0
14098,124.0,40.0
14099,125.5,40.0
14100,125.5,40.0
14101,124.0,44.0
14102,124.0,44.0
14103,125.5,51.0
14104,125.5,51.0
14105,124.5,58.0
14106,124.5,58.0
14107,126.5,64.0
14108,126.5,64.0
14109,125.5,68.0
14110,125.5,68.0
14111,123.0,69.0
14112,123.0,69.0
14113,124.5,58.0
14114,124.5,58.0
14115,122.5,31.0
14116,122.5,31.0
14117,126.0,20.0
14118,126.0,20.0
14119,127.0,33.0
14120,128.75,33.0
14121,128.75,42.0
14122,128.75,42.0
14123,128.75,44.0
14124,131.0,44.0
14125,131.0,44.0
14126,130.5,44.0
14127,130.5,40.0
14128,131.0,40.0
14129,131.0,37.0
14130,132.25,37.0
14131,131.0,35.0
14132,131.0,35.0
14133,131.0,35.0
14134,131.5,35.0
14135,124.5,37.0
14136,124.5,37.0
14137,127.0,37.0
14138,127.0,37.0
14139,125.5,37.0
14140,125.5,37.0
14141,123.0,38.0
14142,123.0,38.0
14143,125.0,39.0
14144,125.0,39.0
14145,125.0,40.0
14146,125.0,40.0
14147,123.0,41.0
14148,123.0,41.0
14149,123.5,41.0
14150,123.5,41.0
14151,122.0,40.0
14152,122.0,40.0
14153,124.5,41.0
14154,124.5,41.0
14155,123.0,42.0
14156,123.0,42.0
14157,121.0,41.0
14158,121.0,41.0
14159,121.0,39.0
14160,121.5,39.0
14161,121.5,41.0
14162,121.5,41.0
14163,121.5,45.0
14164,123.0,45.0
14165,123.0,46.0
14166,122.0,46.0
14167,122.0,43.0
14168,121.5,43.0
14169,121.5,41.0
14170,120.0,41.0
14171,120.0,45.0
14172,119.5,45.0
14173,119.5,55.0
14174,120.0,55.0
14175,120.0,66.0
14176,119.5,66.0
14177,119.5,77.0
14178,118.0,77.0
14179,118.0,85.0
14180,116.25,85.0
14181,116.25,89.0
14182,116.25,89.0
14183,111.5,90.0
14184,111.5,90.0
14185,103.0,90.0
14186,103.0,90.0
14187,112.0,86.0
14188,112.0,86.0
14189,112.0,84.0
14190,116.25,84.0
14191,118.0,87.0
14192,118.0,87.0
14193,110.25,94.0
14194,110.25,94.0
14195,110.25,99.0
14196,100.25,99.0
14197,100.25,89.0
14198,103.75,89.0
14199,103.75,65.0
14200,103.75,65.0
14201,73.5,44.0
14202,73.5,44.0
14203,0.0,26.0
14204,0.0,26.0
14205,0.0,9.0
14206,0.0,9.0
14207,0.0,1.0
14208,0.0,1.0
14209,0.0,0.0
14210,0.0,0.0
14211,0.0,0.0
14212,85.25,0.0
14213,85.25,0.0
14214,85.25,0.0
14215,84.25,0.0
14216,84.25,0.0
14217,84.25,0.0
14218,81.25,0.0
14219,81.25,0.0
14220,81.25,0.0
14221,72.25,0.0
14222,72.25,0.0
14223,72.25,0.0
14224,83.75,0.0
14225,83.75,0.0
14226,83.75,0.0
14227,89.0,0.0
14228,89.0,0.0
14229,100.75,0.0
14230,100.75,0.0
14231,100.75,0.0
14232,110.0,0.0
14233,110.0,0.0
14234,0.0,0.0
14235,0.0,0.0
14236,0.0,0.0
14237,0.0,0.0
14238,0.0,0.0
14239,0.0,0.0
14240,0.0,0.0
14241,0.0,0.0
14242,0.0,0.0
14243,67.75,0.0
14244,67.75,0.0
14245,67.75,0.0
14246,67.75,0.0
14247,69.5,0.0
14248,69.5,0.0
14249,69.5,0.0
14250,80.0,0.0
14251,0.0,0.0
14252,0.0,0.0
14253,0.0,0.0
14254,0.0,0.0
14255,0.0,0.0
14256,0.0,0.0
14257,0.0,0.0
14258,0.0,0.0
14259,0.0,0.0
14260,0.0,0.0
14261,0.0,0.0
14262,0.0,0.0
14263,0.0,0.0
14264,0.0,0.0
14265,0.0,0.0
14266,0.0,0.0
14267,61.75,0.0
14268,61.75,0.0
14269,61.75,0.0
14270,61.75,0.0
14271,66.75,0.0
14272,66.75,0.0
14273,66.75,0.0
14274,66.75,0.0
14275,63.5,0.0
14276,63.5,0.0
14277,63.5,0.0
14278,65.25,0.0
14279,65.25,0.0
14280,65.25,0.0
14281,65.25,0.0
14282,66.75,0.0
14283,66.75,0.0
14284,66.75,0.0
14285,66.75,0.0
14286,65.25,0.0
14287,65.25,0.0
14288,65.25,0.0
14289,65.25,0.0
14290,60.25,0.0
14291,60.25,0.0
14292,60.25,0.0
14293,71.5,0.0
14294,71.5,0.0
14295,71.5,0.0
14296,86.75,0.0
14297,86.75,0.0
14298,86.75,0.0
14299,85.5,0.0
14300,85.5,0.0
14301,85.75,0.0
14302,85.75,0.0
14303,85.75,0.0
14304,86.75,0.0
14305,86.75,0.0
14306,86.75,0.0
14307,87.25,0.0
14308,87.25,0.0
14309,87.25,0.0
14310,93.0,0.0
14311,93.0,0.0
14312,93.75,0.0
14313,93.75,0.0
14314,93.75,0.0
14315,97.5,0.0
14316,97.5,0.0
14317,116.75,0.0
14318,116.75,0.0
14319,96.75,0.0
14320,96.75,0.0
14321,96.75,0.0
14322,88.5,0.0
14323,88.5,0.0
14324,90.25,0.0
14325,90.25,0.0
14326,90.25,0.0
14327,107.5,0.0
14328,107.5,0.0
14329,114.0,0.0
14330,114.0,0.0
14331,114.0,0.0
14332,114.0,0.0
14333,113.25,0.0
14334,113.25,0.0
14335,113.25,0.0
14336,97.5,0.0
14337,97.5,0.0
14338,103.0,0.0
14339,103.0,0.0
14340,93.25,0.0
14341,93.25,0.0
14342,93.25,0.0
14343,92.5,0.0
14344,92.5,0.0
14345,100.75,0.0
14346,100.75,0.0
14347,100.75,0.0
14348,111.0,0.0
14349,111.0,0.0
14350,115.0,0.0
14351,115.0,0.0
14352,87.5,0.0
14353,87.5,0.0
14354,87.5,0.0
14355,92.25,0.0
14356,92.25,0.0
14357,105.75,0.0
14358,105.75,0.0
14359,119.5,0.0
14360,119.5,0.0
14361,119.5,0.0
14362,119.0,0.0
14363,110.25,0.0
14364,110.25,0.0
14365,110.25,0.0
14366,108.25,0.0
14367,108.25,0.0
14368,107.5,0.0
14369,107.5,0.0
14370,95.25,0.0
14371,95.25,0.0
14372,95.25,0.0
14373,95.5,0.0
14374,95.5,0.0
14375,111.0,0.0
14376,111.0,0.0
14377,111.0,0.0
14378,88.0,0.0
14379,88.0,0.0
14380,96.25,0.0
14381,96.25,0.0
14382,111.5,0.0
14383,111.5,0.0
14384,111.5,0.0
14385,111.5,0.0
14386,111.5,0.0
14387,114.5,0.0
14388,114.5,0.0
14389,108.25,0.0
14390,108.25,0.0
14391,106.0,0.0
14392,106.0,0.0
14393,111.0,0.0
14394,111.0,0.0
14395,111.0,0.0
14396,82.0,0.0
14397,82.0,0.0
14398,82.0,0.0
14399,90.25,0.0
14400,90.25,0.0
14401,90.25,0.0
14402,105.0,0.0
14403,117.25,0.0
14404,117.25,0.0
14405,116.75,0.0
14406,116.75,0.0
14407,116.75,0.0
14408,79.25,0.0
14409,79.25,0.0
14410,79.25,0.0
14411,82.0,0.0
14412,82.0,0.0
14413,82.0,0.0
14414,88.5,0.0
14415,88.5,0.0
14416,88.5,0.0
14417,91.5,0.0
14418,91.5,0.0
14419,93.75,0.0
14420,93.75,0.0
14421,93.75,0.0
14422,90.0,0.0
14423,90.0,0.0
14424,106.5,0.0
14425,106.5,0.0
14426,106.5,0.0
14427,106.5,0.0
14428,106.5,0.0
14429,105.75,0.0
14430,105.75,0.0
14431,109.5,0.0
14432,109.5,0.0
14433,120.5,0.0
14434,120.5,0.0
14435,121.5,0.0
14436,121.5,0.0
14437,121.5,0.0
14438,114.5,0.0
14439,114.5,0.0
14440,79.25,0.0
14441,79.25,0.0
14442,79.25,0.0
14443,89.0,0.0
14444,89.0,0.0
14445,86.5,0.0
14446,86.5,0.0
14447,86.5,0.0
14448,97.75,0.0
14449,97.75,0.0
14450,115.5,0.0
14451,115.5,0.0
14452,0.0,0.0
14453,0.0,0.0
14454,0.0,0.0
14455,0.0,0.0
14456,0.0,0.0
14457,0.0,0.0
14458,0.0,0.0
14459,0.0,0.0
14460,0.0,0.0
14461,0.0,0.0
14462,0.0,0.0
14463,0.0,0.0
14464,0.0,0.0
14465,0.0,0.0
14466,0.0,0.0
14467,0.0,0.0
14468,0.0,0.0
14469,0.0,0.0
14470,0.0,0.0
14471,0.0,0.0
14472,0.0,0.0
14473,56.0,0.0
14474,56.0,0.0
14475,56.0,0.0
14476,56.0,0.0
14477,61.0,0.0
14478,61.0,0.0
14479,61.0,0.0
14480,61.0,0.0
14481,55.25,0.0
14482,55.25,0.0
14483,55.25,0.0
14484,55.25,0.0
14485,55.25,0.0
14486,52.75,0.0
14487,52.75,0.0
14488,52.75,0.0
14489,52.75,0.0
14490,53.5,0.0
14491,53.5,0.0
14492,53.5,0.0
14493,53.5,0.0
14494,53.5,0.0
14495,54.0,0.0
14496,54.0,0.0
14497,54.0,0.0
14498,54.0,0.0
14499,54.25,0.0
14500,54.25,0.0
14501,54.25,0.0
14502,54.25,0.0
14503,54.25,0.0
14504,54.5,0.0
14505,54.5,0.0
14506,54.5,0.0
14507,54.5,0.0
14508,60.75,0.0
14509,60.75,0.0
14510,60.75,0.0
14511,63.75,0.0
14512,63.75,0.0
14513,63.75,0.0
14514,63.75,0.0
14515,61.25,0.0
14516,61.25,0.0
14517,61.25,0.0
14518,61.25,0.0
14519,61.25,0.0
14520,61.25,0.0
14521,61.25,0.0
14522,61.25,0.0
14523,64.5,0.0
14524,64.5,0.0
14525,64.5,0.0
14526,64.5,0.0
14527,65.75,0.0
14528,65.75,0.0
14529,65.75,0.0
14530,74.75,0.0
14531,74.75,0.0
14532,74.75,0.0
14533,76.25,0.0
14534,76.25,0.0
14535,76.25,0.0
14536,82.25,0.0
14537,82.25,0.0
14538,82.25,0.0
14539,82.25,0.0
14540,0.0,0.0
14541,0.0,0.0
14542,0.0,0.0
14543,0.0,0.0
14544,0.0,0.0
14545,0.0,0.0
14546,0.0,0.0
14547,0.0,0.0
14548,0.0,0.0
14549,0.0,0.0
14550,0.0,0.0
14551,0.0,0.0
14552,0.0,0.0
14553,0.0,0.0
14554,0.0,0.0
14555,0.0,0.0
14556,0.0,0.0
14557,0.0,0.0
14558,0.0,0.0
14559,0.0,0.0
14560,0.0,0.0
14561,0.0,0.0
14562,0.0,0.0
14563,0.0,0.0
14564,0.0,0.0
14565,0.0,0.0
14566,0.0,0.0
14567,0.0,0.0
14568,0.0,0.0
14569,0.0,0.0
14570,0.0,0.0
14571,0.0,0.0
14572,0.0,0.0
14573,0.0,0.0
14574,0.0,0.0
14575,0.0,0.0
14576,0.0,0.0
14577,0.0,0.0
14578,0.0,0.0
14579,0.0,0.0
14580,0.0,0.0
14581,0.0,0.0
14582,0.0,0.0
14583,0.0,0.0
14584,0.0,0.0
14585,0.0,0.0
14586,0.0,0.0
14587,0.0,0.0
14588,0.0,0.0
14589,0.0,0.0
14590,0.0,0.0
14591,0.0,0.0
14592,0.0,0.0
14593,0.0,0.0
14594,0.0,0.0
14595,0.0,0.0
14596,0.0,0.0
14597,0.0,0.0
14598,0.0,0.0
14599,0.0,0.0
14600,0.0,0.0
14601,0.0,0.0
14602,0.0,0.0
14603,0.0,0.0
14604,0.0,0.0
14605,0.0,0.0
14606,0.0,0.0
14607,0.0,0.0
14608,0.0,0.0
14609,0.0,0.0
14610,0.0,0.0
14611,0.0,0.0
14612,0.0,0.0
14613,0.0,0.0
14614,0.0,0.0
14615,0.0,0.0
14616,0.0,0.0
14617,0.0,0.0
14618,0.0,0.0
14619,0.0,0.0
14620,0.0,0.0
14621,0.0,0.0
14622,0.0,0.0
14623,0.0,0.0
14624,0.0,0.0
14625,0.0,0.0
14626,0.0,0.0
14627,0.0,0.0
14628,0.0,0.0
14629,0.0,0.0
14630,0.0,0.0
14631,0.0,0.0
14632,0.0,0.0
14633,0.0,0.0
14634,0.0,0.0
14635,0.0,0.0
14636,0.0,0.0
14637,0.0,0.0
14638,0.0,0.0
14639,0.0,0.0
14640,0.0,0.0
14641,0.0,0.0
14642,0.0,0.0
14643,0.0,0.0
14644,0.0,0.0
14645,0.0,0.0
14646,0.0,0.0
14647,0.0,0.0
14648,0.0,0.0
14649,0.0,0.0
14650,0.0,0.0
14651,0.0,0.0
14652,0.0,0.0
14653,0.0,0.0
14654,0.0,0.0
14655,0.0,0.0
14656,0.0,0.0
14657,0.0,0.0
14658,0.0,0.0
14659,0.0,0.0
14660,0.0,0.0
14661,0.0,0.0
14662,0.0,0.0
14663,0.0,0.0
14664,0.0,0.0
14665,0.0,0.0
14666,0.0,0.0
14667,0.0,0.0
14668,0.0,0.0
14669,0.0,0.0
14670,0.0,0.0
14671,0.0,0.0
14672,0.0,0.0
14673,0.0,0.0
14674,0.0,0.0
14675,0.0,0.0
14676,0.0,0.0
14677,0.0,0.0
14678,0.0,0.0
14679,0.0,0.0
14680,0.0,0.0
14681,0.0,0.0
14682,0.0,0.0
14683,0.0,0.0
14684,0.0,0.0
14685,0.0,0.0
14686,0.0,0.0
14687,0.0,0.0
14688,0.0,0.0
14689,0.0,0.0
14690,0.0,0.0
14691,0.0,0.0
14692,0.0,0.0
14693,0.0,0.0
14694,0.0,0.0
14695,0.0,0.0
14696,0.0,0.0
14697,0.0,0.0
14698,0.0,0.0
14699,0.0,0.0
14700,0.0,0.0
14701,0.0,0.0
14702,0.0,0.0
14703,0.0,0.0
14704,0.0,0.0
14705,0.0,0.0
14706,0.0,0.0
14707,0.0,0.0
14708,0.0,0.0
14709,0.0,0.0
14710,0.0,0.0
14711,0.0,0.0
14712,0.0,0.0
14713,0.0,0.0
14714,0.0,0.0
14715,0.0,0.0
14716,0.0,0.0
14717,0.0,0.0
14718,0.0,0.0
14719,0.0,0.0
14720,0.0,0.0
14721,0.0,0.0
14722,0.0,0.0
14723,0.0,0.0
14724,0.0,0.0
14725,0.0,0.0
14726,0.0,0.0
14727,0.0,0.0
14728,0.0,0.0
14729,0.0,0.0
14730,0.0,0.0
14731,0.0,0.0
14732,0.0,0.0
14733,0.0,0.0
14734,0.0,0.0
14735,0.0,0.0
14736,0.0,0.0
14737,0.0,0.0
14738,0.0,0.0
14739,0.0,0.0
14740,0.0,0.0
14741,0.0,0.0
14742,0.0,0.0
14743,0.0,0.0
14744,0.0,0.0
14745,0.0,0.0
14746,0.0,0.0
14747,0.0,0.0
14748,0.0,0.0
14749,0.0,0.0
14750,0.0,0.0
14751,0.0,0.0
14752,0.0,0.0
14753,0.0,0.0
14754,0.0,0.0
14755,0.0,0.0
14756,0.0,0.0
14757,0.0,0.0
14758,0.0,0.0
14759,0.0,0.0
14760,0.0,0.0
14761,0.0,0.0
14762,0.0,0.0
14763,0.0,0.0
14764,0.0,0.0
14765,0.0,0.0
14766,0.0,0.0
14767,0.0,0.0
14768,0.0,0.0
14769,0.0,0.0
14770,0.0,0.0
14771,0.0,0.0
14772,0.0,0.0
14773,0.0,0.0
14774,0.0,0.0
14775,0.0,0.0
14776,0.0,0.0
14777,0.0,0.0
14778,0.0,0.0
14779,0.0,0.0
14780,0.0,0.0
14781,0.0,0.0
14782,0.0,0.0
14783,0.0,0.0
14784,0.0,0.0
14785,0.0,0.0
14786,0.0,0.0
14787,0.0,0.0
14788,0.0,0.0
14789,0.0,0.0
14790,0.0,0.0
14791,0.0,0.0
14792,0.0,0.0
14793,0.0,0.0
14794,0.0,0.0
14795,0.0,0.0
14796,0.0,0.0
14797,0.0,0.0
14798,0.0,0.0
14799,0.0,0.0
14800,0.0,0.0
14801,0.0,0.0
14802,0.0,0.0
14803,0.0,0.0
14804,0.0,0.0
14805,0.0,0.0
14806,0.0,0.0
14807,0.0,0.0
14808,0.0,0.0
14809,0.0,0.0
14810,0.0,0.0
14811,0.0,0.0
14812,0.0,0.0
14813,0.0,0.0
14814,0.0,0.0
14815,0.0,0.0
14816,0.0,0.0
14817,0.0,0.0
14818,0.0,0.0
14819,0.0,0.0
14820,0.0,0.0
14821,0.0,0.0
14822,0.0,0.0
14823,0.0,0.0
14824,0.0,0.0
14825,0.0,0.0
14826,0.0,0.0
14827,0.0,0.0
14828,0.0,0.0
14829,0.0,0.0
14830,0.0,0.0
14831,0.0,0.0
14832,0.0,0.0
14833,0.0,0.0
14834,0.0,0.0
14835,0.0,0.0
14836,0.0,0.0
14837,0.0,0.0
14838,0.0,0.0
14839,0.0,0.0
14840,0.0,0.0
14841,0.0,0.0
14842,0.0,0.0
14843,0.0,0.0
14844,0.0,0.0
14845,0.0,0.0
14846,0.0,0.0
14847,0.0,0.0
14848,0.0,0.0
14849,0.0,0.0
14850,0.0,0.0
14851,0.0,0.0
14852,0.0,0.0
14853,0.0,0.0
14854,0.0,0.0
14855,0.0,0.0
14856,0.0,0.0
14857,0.0,0.0
14858,0.0,0.0
14859,0.0,0.0
14860,0.0,0.0
14861,0.0,0.0
14862,0.0,0.0
14863,0.0,0.0
14864,0.0,0.0
14865,0.0,0.0
14866,0.0,0.0
14867,0.0,0.0
14868,0.0,0.0
14869,0.0,0.0
14870,0.0,0.0
14871,0.0,0.0
14872,0.0,0.0
14873,0.0,0.0
14874,0.0,0.0
14875,0.0,0.0
14876,0.0,0.0
14877,0.0,0.0
14878,0.0,0.0
14879,0.0,0.0
14880,0.0,0.0
14881,0.0,0.0
14882,0.0,0.0
14883,0.0,0.0
14884,0.0,0.0
14885,0.0,0.0
14886,0.0,0.0
14887,0.0,0.0
14888,0.0,0.0
14889,0.0,0.0
14890,0.0,0.0
14891,0.0,0.0
14892,0.0,0.0
14893,0.0,0.0
14894,0.0,0.0
14895,0.0,0.0
14896,0.0,0.0
14897,0.0,0.0
14898,0.0,0.0
14899,0.0,0.0
14900,0.0,0.0
14901,0.0,0.0
14902,0.0,0.0
14903,0.0,0.0
14904,0.0,0.0
14905,0.0,0.0
14906,0.0,0.0
14907,0.0,0.0
14908,0.0,0.0
14909,0.0,0.0
14910,0.0,0.0
14911,0.0,0.0
14912,0.0,0.0
14913,0.0,0.0
14914,0.0,0.0
14915,0.0,0.0
14916,0.0,0.0
14917,0.0,0.0
14918,0.0,0.0
14919,0.0,0.0
14920,0.0,0.0
14921,0.0,0.0
14922,0.0,0.0
14923,0.0,0.0
14924,0.0,0.0
14925,0.0,0.0
14926,0.0,0.0
14927,0.0,0.0
14928,0.0,0.0
14929,0.0,0.0
14930,0.0,0.0
14931,0.0,0.0
14932,0.0,0.0
14933,0.0,0.0
14934,0.0,0.0
14935,0.0,0.0
14936,0.0,0.0
14937,0.0,0.0
14938,0.0,0.0
14939,0.0,0.0
14940,0.0,0.0
14941,0.0,0.0
14942,0.0,0.0
14943,0.0,0.0
14944,0.0,0.0
14945,0.0,0.0
14946,0.0,0.0
14947,0.0,0.0
14948,0.0,0.0
14949,0.0,0.0
14950,0.0,0.0
14951,0.0,0.0
14952,0.0,0.0
14953,0.0,0.0
14954,0.0,0.0
14955,0.0,0.0
14956,0.0,0.0
14957,0.0,0.0
14958,0.0,0.0
14959,0.0,0.0
14960,0.0,0.0
14961,0.0,0.0
14962,0.0,0.0
14963,0.0,0.0
14964,0.0,0.0
14965,0.0,0.0
14966,0.0,0.0
14967,0.0,0.0
14968,0.0,0.0
14969,0.0,0.0
14970,0.0,0.0
14971,0.0,0.0
14972,0.0,0.0
14973,0.0,0.0
14974,0.0,0.0
14975,0.0,0.0
14976,0.0,0.0
14977,0.0,0.0
14978,0.0,0.0
14979,0.0,0.0
14980,0.0,0.0
14981,0.0,0.0
14982,0.0,0.0
14983,0.0,0.0
14984,0.0,0.0
14985,0.0,0.0
14986,0.0,0.0
14987,0.0,0.0
14988,0.0,0.0
14989,0.0,0.0
14990,0.0,0.0
14991,0.0,0.0
14992,0.0,0.0
14993,0.0,0.0
14994,0.0,0.0
14995,0.0,0.0
14996,0.0,0.0
14997,0.0,0.0
14998,0.0,0.0
14999,0.0,0.0
15000,0.0,0.0
15001,0.0,0.0
15002,0.0,0.0
15003,0.0,0.0
15004,0.0,0.0
15005,0.0,0.0
15006,0.0,0.0
15007,0.0,0.0
15008,0.0,0.0
15009,0.0,0.0
15010,0.0,0.0
15011,0.0,0.0
15012,0.0,0.0
15013,0.0,0.0
15014,0.0,0.0
15015,0.0,0.0
15016,0.0,0.0
15017,0.0,0.0
15018,0.0,0.0
15019,0.0,0.0
15020,0.0,0.0
15021,0.0,0.0
15022,0.0,0.0
15023,0.0,0.0
15024,0.0,0.0
15025,0.0,0.0
15026,0.0,0.0
15027,0.0,0.0
15028,0.0,0.0
15029,0.0,0.0
15030,0.0,0.0
15031,0.0,0.0
15032,0.0,0.0
15033,0.0,0.0
15034,0.0,0.0
15035,0.0,0.0
15036,0.0,0.0
15037,0.0,0.0
15038,0.0,0.0
15039,0.0,0.0
15040,0.0,0.0
15041,0.0,0.0
15042,0.0,0.0
15043,0.0,0.0
15044,0.0,0.0
15045,0.0,0.0
15046,0.0,0.0
15047,0.0,0.0
15048,0.0,0.0
15049,0.0,0.0
15050,0.0,0.0
15051,0.0,0.0
15052,0.0,0.0
15053,0.0,0.0
15054,0.0,0.0
15055,0.0,0.0
15056,0.0,0.0
15057,0.0,0.0
15058,0.0,0.0
15059,0.0,0.0
15060,0.0,0.0
15061,0.0,0.0
15062,0.0,0.0
15063,0.0,0.0
15064,0.0,0.0
15065,0.0,0.0
15066,0.0,0.0
15067,0.0,0.0
15068,0.0,0.0
15069,0.0,0.0
15070,0.0,0.0
15071,0.0,0.0
15072,0.0,0.0
15073,0.0,0.0
15074,0.0,0.0
15075,0.0,0.0
15076,0.0,0.0
15077,0.0,0.0
15078,0.0,0.0
15079,0.0,0.0
15080,0.0,0.0
15081,0.0,0.0
15082,0.0,0.0
15083,0.0,0.0
15084,0.0,0.0
15085,0.0,0.0
15086,0.0,0.0
15087,0.0,0.0
15088,0.0,0.0
15089,0.0,0.0
15090,0.0,0.0
15091,0.0,0.0
15092,0.0,0.0
15093,0.0,0.0
15094,0.0,0.0
15095,0.0,0.0
15096,0.0,0.0
15097,0.0,0.0
15098,0.0,0.0
15099,0.0,0.0
15100,0.0,0.0
15101,0.0,0.0
15102,0.0,0.0
15103,0.0,0.0
15104,0.0,0.0
15105,0.0,0.0
15106,0.0,0.0
15107,0.0,0.0
15108,0.0,0.0
15109,0.0,0.0
15110,0.0,0.0
15111,0.0,0.0
15112,0.0,0.0
15113,0.0,0.0
15114,0.0,0.0
15115,0.0,0.0
15116,0.0,0.0
15117,0.0,0.0
15118,0.0,0.0
15119,0.0,0.0
15120,0.0,0.0
15121,0.0,0.0
15122,0.0,0.0
15123,0.0,0.0
15124,0.0,0.0
15125,0.0,0.0
15126,0.0,0.0
15127,0.0,0.0
15128,0.0,0.0
15129,0.0,0.0
15130,0.0,0.0
15131,0.0,0.0
15132,0.0,0.0
15133,0.0,0.0
15134,0.0,0.0
15135,0.0,0.0
15136,0.0,0.0
15137,0.0,0.0
15138,0.0,0.0
15139,0.0,0.0
15140,0.0,0.0
15141,0.0,0.0
15142,0.0,0.0
15143,0.0,0.0
15144,0.0,0.0
15145,0.0,0.0
15146,0.0,0.0
15147,0.0,0.0
15148,0.0,0.0
15149,0.0,0.0
15150,0.0,0.0
15151,0.0,0.0
15152,0.0,0.0
15153,0.0,0.0
15154,0.0,0.0
15155,0.0,0.0
15156,0.0,0.0
15157,0.0,0.0
15158,0.0,0.0
15159,0.0,0.0
15160,0.0,0.0
15161,0.0,0.0
15162,0.0,0.0
15163,0.0,0.0
15164,0.0,0.0
15165,0.0,0.0
15166,0.0,0.0
15167,0.0,0.0
15168,0.0,0.0
15169,0.0,0.0
15170,0.0,0.0
15171,0.0,0.0
15172,0.0,0.0
15173,0.0,0.0
15174,0.0,0.0
15175,0.0,0.0
15176,0.0,0.0
15177,0.0,0.0
15178,0.0,0.0
15179,0.0,0.0
15180,0.0,0.0
15181,0.0,0.0
15182,0.0,0.0
15183,0.0,0.0
15184,0.0,0.0
15185,0.0,0.0
15186,0.0,0.0
15187,0.0,0.0
15188,0.0,0.0
15189,0.0,0.0
15190,0.0,0.0
15191,0.0,0.0
15192,0.0,0.0
15193,0.0,0.0
15194,0.0,0.0
15195,0.0,0.0
15196,0.0,0.0
15197,0.0,0.0
15198,0.0,0.0
15199,0.0,0.0
15200,0.0,0.0
15201,0.0,0.0
15202,0.0,0.0
15203,0.0,0.0
15204,0.0,0.0
15205,0.0,0.0
15206,0.0,0.0
15207,0.0,0.0
15208,0.0,0.0
15209,0.0,0.0
15210,0.0,0.0
15211,0.0,0.0
15212,0.0,0.0
15213,0.0,0.0
15214,0.0,0.0
15215,0.0,0.0
15216,0.0,0.0
15217,0.0,0.0
15218,0.0,0.0
15219,0.0,0.0
15220,0.0,0.0
15221,0.0,0.0
15222,0.0,0.0
15223,0.0,0.0
15224,0.0,0.0
15225,0.0,0.0
15226,0.0,0.0
15227,0.0,0.0
15228,0.0,0.0
15229,0.0,0.0
15230,0.0,0.0
15231,0.0,0.0
15232,0.0,0.0
15233,0.0,0.0
15234,0.0,0.0
15235,0.0,0.0
15236,0.0,0.0
15237,0.0,0.0
15238,0.0,0.0
15239,0.0,0.0
15240,0.0,0.0
15241,0.0,0.0
15242,0.0,0.0
15243,0.0,0.0
15244,0.0,0.0
15245,0.0,0.0
15246,0.0,0.0
15247,0.0,0.0
15248,0.0,0.0
15249,0.0,0.0
15250,0.0,0.0
15251,0.0,0.0
15252,0.0,0.0
15253,0.0,0.0
15254,0.0,0.0
15255,0.0,0.0
15256,0.0,0.0
15257,0.0,0.0
15258,0.0,0.0
15259,0.0,0.0
15260,0.0,0.0
15261,0.0,0.0
15262,0.0,0.0
15263,0.0,0.0
15264,0.0,0.0
15265,0.0,0.0
15266,0.0,0.0
15267,0.0,0.0
15268,0.0,0.0
15269,0.0,0.0
15270,0.0,0.0
15271,0.0,0.0
15272,0.0,0.0
15273,0.0,0.0
15274,0.0,0.0
15275,0.0,0.0
15276,0.0,0.0
15277,0.0,0.0
15278,0.0,0.0
15279,0.0,0.0
15280,0.0,0.0
15281,0.0,0.0
15282,0.0,0.0
15283,0.0,0.0
15284,0.0,0.0
15285,0.0,0.0
15286,0.0,0.0
15287,0.0,0.0
15288,0.0,0.0
15289,0.0,0.0
15290,0.0,0.0
15291,0.0,0.0
15292,0.0,0.0
15293,0.0,0.0
15294,0.0,0.0
15295,0.0,0.0
15296,0.0,0.0
15297,0.0,0.0
15298,0.0,0.0
15299,0.0,0.0
15300,0.0,0.0
15301,0.0,0.0
15302,0.0,0.0
15303,0.0,0.0
15304,0.0,0.0
15305,0.0,0.0
15306,0.0,0.0
15307,0.0,0.0
15308,0.0,0.0
15309,0.0,0.0
15310,0.0,0.0
15311,0.0,0.0
15312,0.0,0.0
15313,0.0,0.0
15314,0.0,0.0
15315,0.0,0.0
15316,0.0,0.0
15317,0.0,0.0
15318,0.0,0.0
15319,0.0,0.0
15320,0.0,0.0
15321,0.0,0.0
15322,0.0,0.0
15323,0.0,0.0
15324,0.0,0.0
15325,0.0,0.0
15326,0.0,0.0
15327,0.0,0.0
15328,0.0,0.0
15329,0.0,0.0
15330,0.0,0.0
15331,0.0,0.0
15332,0.0,0.0
15333,0.0,0.0
15334,0.0,0.0
15335,0.0,0.0
15336,0.0,0.0
15337,0.0,0.0
15338,0.0,0.0
15339,0.0,0.0
15340,0.0,0.0
15341,0.0,0.0
15342,0.0,0.0
15343,0.0,0.0
15344,0.0,0.0
15345,0.0,0.0
15346,0.0,0.0
15347,0.0,0.0
15348,0.0,0.0
15349,0.0,0.0
15350,0.0,0.0
15351,0.0,0.0
15352,0.0,0.0
15353,0.0,0.0
15354,0.0,0.0
15355,0.0,0.0
15356,0.0,0.0
15357,0.0,0.0
15358,0.0,0.0
15359,0.0,0.0
15360,0.0,0.0
15361,0.0,0.0
15362,0.0,0.0
15363,0.0,0.0
15364,0.0,0.0
15365,0.0,0.0
15366,0.0,0.0
15367,0.0,0.0
15368,0.0,0.0
15369,0.0,0.0
15370,0.0,0.0
15371,0.0,0.0
15372,0.0,0.0
15373,0.0,0.0
15374,0.0,0.0
15375,0.0,0.0
15376,0.0,0.0
15377,0.0,0.0
15378,0.0,0.0
15379,0.0,0.0
15380,0.0,0.0
15381,0.0,0.0
15382,0.0,0.0
15383,0.0,0.0
15384,0.0,0.0
15385,0.0,0.0
15386,0.0,0.0
15387,0.0,0.0
15388,0.0,0.0
15389,0.0,0.0
15390,0.0,0.0
15391,0.0,0.0
15392,0.0,0.0
15393,0.0,0.0
15394,0.0,0.0
15395,0.0,0.0
15396,0.0,0.0
15397,0.0,0.0
15398,0.0,0.0
15399,0.0,0.0
15400,0.0,0.0
15401,0.0,0.0
15402,0.0,0.0
15403,0.0,0.0
15404,0.0,0.0
15405,0.0,0.0
15406,0.0,0.0
15407,0.0,0.0
15408,0.0,0.0
15409,0.0,0.0
15410,0.0,0.0
15411,0.0,0.0
15412,0.0,0.0
15413,0.0,0.0
15414,0.0,0.0
15415,0.0,0.0
15416,0.0,0.0
15417,0.0,0.0
15418,0.0,0.0
15419,0.0,0.0
15420,0.0,0.0
15421,0.0,0.0
15422,0.0,0.0
15423,0.0,0.0
15424,0.0,0.0
15425,0.0,0.0
15426,0.0,0.0
15427,0.0,0.0
15428,0.0,0.0
15429,0.0,0.0
15430,0.0,0.0
15431,0.0,0.0
15432,0.0,0.0
15433,0.0,0.0
15434,0.0,0.0
15435,0.0,0.0
15436,0.0,0.0
15437,0.0,0.0
15438,0.0,0.0
15439,0.0,0.0
15440,0.0,0.0
15441,0.0,0.0
15442,0.0,0.0
15443,0.0,0.0
15444,0.0,0.0
15445,0.0,0.0
15446,0.0,0.0
15447,0.0,0.0
15448,0.0,0.0
15449,0.0,0.0
15450,0.0,0.0
15451,0.0,0.0
15452,0.0,0.0
15453,0.0,0.0
15454,0.0,0.0
15455,0.0,0.0
15456,0.0,0.0
15457,0.0,0.0
15458,0.0,0.0
15459,0.0,0.0
15460,0.0,0.0
15461,0.0,0.0
15462,0.0,0.0
15463,0.0,0.0
15464,0.0,0.0
15465,0.0,0.0
15466,0.0,0.0
15467,0.0,0.0
15468,0.0,0.0
15469,0.0,0.0
15470,0.0,0.0
15471,0.0,0.0
15472,0.0,0.0
15473,0.0,0.0
15474,0.0,0.0
15475,0.0,0.0
15476,0.0,0.0
15477,0.0,0.0
15478,0.0,0.0
15479,0.0,0.0
15480,0.0,0.0
15481,0.0,0.0
15482,0.0,0.0
15483,0.0,0.0
15484,0.0,0.0
15485,0.0,0.0
15486,0.0,0.0
15487,0.0,0.0
15488,0.0,0.0
15489,0.0,0.0
15490,0.0,0.0
15491,0.0,0.0
15492,0.0,0.0
15493,0.0,0.0
15494,0.0,0.0
15495,0.0,0.0
15496,0.0,0.0
15497,0.0,0.0
15498,0.0,0.0
15499,0.0,0.0
15500,0.0,0.0
15501,0.0,0.0
15502,0.0,0.0
15503,0.0,0.0
15504,0.0,0.0
15505,0.0,0.0
15506,0.0,0.0
15507,0.0,0.0
15508,0.0,0.0
15509,0.0,0.0
15510,0.0,0.0
15511,0.0,0.0
15512,0.0,0.0
15513,0.0,0.0
15514,0.0,0.0
15515,0.0,0.0
15516,0.0,0.0
15517,0.0,0.0
15518,0.0,0.0
15519,0.0,0.0
15520,0.0,0.0
15521,0.0,0.0
15522,0.0,0.0
15523,0.0,0.0
15524,0.0,0.0
15525,0.0,0.0
15526,0.0,0.0
15527,0.0,0.0
15528,0.0,0.0
15529,0.0,0.0
15530,0.0,0.0
15531,0.0,0.0
15532,0.0,0.0
15533,0.0,0.0
15534,0.0,0.0
15535,0.0,0.0
15536,0.0,0.0
15537,0.0,0.0
15538,0.0,0.0
15539,0.0,0.0
15540,0.0,0.0
15541,0.0,0.0
15542,0.0,0.0
15543,0.0,0.0
15544,0.0,0.0
15545,0.0,0.0
15546,0.0,0.0
15547,0.0,0.0
15548,0.0,0.0
15549,0.0,0.0
15550,0.0,0.0
15551,0.0,0.0
15552,0.0,0.0
15553,0.0,0.0
15554,0.0,0.0
15555,0.0,0.0
15556,0.0,0.0
15557,0.0,0.0
15558,0.0,0.0
15559,0.0,0.0
15560,0.0,0.0
15561,0.0,0.0
15562,0.0,0.0
15563,0.0,0.0
15564,0.0,0.0
15565,0.0,0.0
15566,0.0,0.0
15567,0.0,0.0
15568,0.0,0.0
15569,0.0,0.0
15570,0.0,0.0
15571,0.0,0.0
15572,0.0,0.0
15573,0.0,0.0
15574,0.0,0.0
15575,0.0,0.0
15576,0.0,0.0
15577,0.0,0.0
15578,0.0,0.0
15579,0.0,0.0
15580,0.0,0.0
15581,0.0,0.0
15582,0.0,0.0
15583,0.0,0.0
15584,0.0,0.0
15585,0.0,0.0
15586,0.0,0.0
15587,0.0,0.0
15588,0.0,0.0
15589,0.0,0.0
15590,0.0,0.0
15591,0.0,0.0
15592,0.0,0.0
15593,0.0,0.0
15594,0.0,0.0
15595,0.0,0.0
15596,0.0,0.0
15597,0.0,0.0
15598,0.0,0.0
15599,0.0,0.0
